00481582054900183984311951000644849   000000000000005000000093325   0001774900003716              
00481582054900183984029876904507904   000000000000005000000856232   0000194900004467              
00481582054900183985433728502431101   000000000000010000000093326   0000500000004632              
00481582054900183984311951012472692   000000000000010000000093327   0001536300004655              
00481582054900183984563191012892889   000000000000010000054         0002131700004903              
00481582054900183984563198006171030   000000000000005000000093328   0002161900005066              
00481582054900183984423555914654912   000000000000010000000008078   0000234900005230              
00481582054900183984311951016724205   000000000000010000000093330   0000003200005246              
00481582054900183985408291002244160   000000000000010000000093332   0001387200005446              
00481582054900183984311951019296623   000000000000010000000093335   0001175200005466              
00481582054900183984563198704214181   000000000000003000000093337   0002087100005507              
00481582054900183984067691797580105   000000000000003500000914783   0002435700005707              
00481582054900183984056503804360103   000000000000010000000105862   0000545500005839              
00481582054900183985148991683286100   000000000000005000000914787   0002482200005895              
00481582054900183984050587800199009   000000000000003000005         0001166500005946              
00481582054900183985433749201331806   000000000000003000000932893   0001034000005963              
00481582054900183983563790000143403   000000000000030000000062885   0000288600006019              
00481582054900183984579520302466800   000000000000010000000059910   0000786500006089              
00481582054900183985289500371000035   000000000000005000005         0001168100006109              
00481582054900183985289500371000035   000000000000005000005         0001168100006110              
00481582054900183984311951011534773   000000000000030000000093344   0001235100006214              
00481582054900183984682365047676832   000000000000100000007         0002609300006272              
00481582054900183984038508910753102   000000000000005000000417790   0002050100006327              
00481582054900183984563018505993553   000000000000010000051         0002630700006341              
00481582054900183984311951018337477   000000000000003000014         0001830300006361              
00481582054900183984380456723937302   000000000000010000000105868   0000119300006377              
00481582054900183984563018010117235   000000000000005000000093349   0002133600006381              
00481582054900183984579600011583416   000000000000002000000105869   0000871400006400              
00481582054900183984311951020613634   000000000000002000000093354   0001679100006418              
00481582054900183985433721012242589   000000000000005000000093355   0001793400006449              
00481582054900183985520491800005697   000000000000010000014         0002506400006486              
00481582054900183984514452412688008   000000000000010000000059913   0002531800006510              
00481582054900183984579669355000014   000000000000006000000022894   0000761300006530              
00481582054900183984579669355000014   000000000000006000000791852   0000761300006531              
00481582054900183985409661900205902   000000000000030000000059914   0000057600006574              
00481582054900183984311780103125103   000000000000010000000299627   0000174500006606              
00481582054900183984311780160395607   000000000000010000000484160   0002534800006618              
00481582054900183985520000000945204   000000000000010000000027964   0000970600006619              
00481582054900183985409910001619119   000000000000020000000032078   0000791000006641              
00481582054900183985520540600400308   000000000000016890005         0002772500006651              
00481582054900183984311780119772609   000000000000010000000670934   0002509000006657              
00481582054900183984311780101600610   000000000000010000000970072   0001531300006682              
00481582054900183985521179016998909   000000000000020000000927057   0002679300006687              
00481582054900183985289505145000062   000000000000010000000097775   0002640000006698              
00481582054900183985522358800188492   000000000000002000000230354   0001407100006717              
00481582054900183985544322200084309   000000000000005000000259932   0000746700006719              
00481582054900183985222180012041100   000000000000010000000726358   0001994400006723              
00481582054900183985240330028428118   000000000000010000000926327   0000885500006726              
00481582054900183984636703203633105   000000000000002000000719373   0002801000006730              
00481582054900183985240330028428118   000000000000005000000926196   0000885500006731              
00481582054900183985520491007477939   000000000000010000000093377   0001461000006744              
00481582054900183984311780108484307   000000000000005000000740892   0001455000006745              
00481582054900183985123660961546100   000000000000010000000664080   0001663400006747              
00481582054900183984311780136691709   000000000000010000000598850   0001832700006748              
00481582054900183984067701711550108   000000000000020000005         0000836900006765              
00481582054900183984579530208549500   000000000000010000000059916   0000786300006780              
00481582054900183984514450003365200   000000000000004000000059917   0002629100006817              
00481582054900183983565683876000039   000000000000010000000640374   0001153900006838              
00481582054900183985521997970013708   000000000000010000000895846   0000544500006882              
00481582054900183984563188444696805   000000000000003000000287685   0002778200006884              
00481582054900183985520000154692206   000000000000002000000690523   0002415900006902              
00481582054900183985520000154692206   000000000000003000000257165   0002415900006903              
00481582054900183984311780113233400   000000000000030000000445634   0001055200006920              
00481582054900183984058650209247902   000000000000005000000001577   0000768900006927              
00481582054900183984058650209247902   000000000000005000000001578   0000768900006928              
00481582054900183985520491007949077   000000000000010000000093386   0001781500006933              
00481582054900183984392375139000610   000000000000050000000544850   0004005000006942              
00481582054900183984058650004975905   000000000000001000000001580   0002290600006946              
00481582054900183984579522411724103   000000000000010000000059918   0001387000006970              
00481582054900183985521970700899811   000000000000005000000766316   0000829900006981              
00481582054900183985543920147217766   000000000000030000000608358   0002518500006984              
00481582054900183984311789713795304   000000000000050000000599007   0001854200007052              
00481582054900183985457451322915101   000000000000010000000472903   0000908700007073              
00481582054900183984563198701044334   000000000000005000000093387   0002928500007080              
00481582054900183984563198701044334   000000000000005000000093389   0002928500007081              
00481582054900183984563198100809261   000000000000010000000093392   0002061500007083              
00481582054900183984311780204378403   000000000000010000000027214   0001390500007085              
00481582054900183985179517304111708   000000000000010000000059919   0002279500007106              
00481582054900183985148691081482471   000000000000005000000766313   0001030800007125              
00481582054900183984311785401834819   000000000000020000000998820   0000229600007142              
00481582054900183984503070047207995   000000000000005000000084390   0000544800007145              
00481582054900183984096792771000006   000000000000060000000787258   0000833600007160              
00481582054900183984311780216820301   000000000000030000000643777   0002025000007177              
00481582054900183984311780117160203   000000000000001500000912219   0002399500007181              
00481582054900183985408059400451301   000000000000002000000253672   0002985200007196              
00481582054900183984563191004400600   000000000000002000000093402   0003002600007212              
00481582054900183984563191004400600   000000000000002000000093406   0003002700007213              
00481582054900183984563191004400600   000000000000002000000093410   0003002800007214              
00481582054900183985239531003091028   000000000000200000005         0001739500007216              
00481582054900183985148691081593061   000000000000010000000766309   0000029700007235              
00481582054900183985543920183051384   000000000000002000000112853   0003015700007240              
00481582054900183985520468906848907   000000000000010000000385363   0001291800007261              
00481582054900183985521170200557700   000000000000001000000801476   0003026100007264              
00481582054900183983567333005546100   000000000000002000000064704   0003399300007265              
00481582054900183985457451382031112   000000000000005000000151923   0001286400007273              
00481582054900183984563018701063029   000000000000010000000093415   0003035600007293              
00481582054900183985520000124423807   000000000000030000000005276   0000606100007302              
00481582054900183984392379287000158   000000000000007500000854216   0001683500007311              
00481582054900183985521970016768908   000000000000010000000766307   0000251000007322              
00481582054900183985520000114732803   000000000000005000000494202   0001101500007333              
00481582054900183984025138910144071   000000000000001000000417794   0002868700007334              
00481582054900183985239531008868743   000000000000010000000093420   0003079600007343              
00481582054900183985239531008868743   000000000000010000000093423   0003079600007344              
00481582054900183983567336506838108   000000000000015000000066920   0000181600007350              
00481582054900183984365419953714667   000000000000025000000084392   0000171100007351              
00481582054900183985140231040967102   000000000000010000005         0003011800007368              
00481582054900183984023100012911460   000000000000001000000766303   0002650400007372              
00481582054900183985148691000216026   000000000000010000000766302   0000280800007402              
00481582054900183984380450798740105   000000000000020000000105888   0000902100007412              
00481582054900183984682365892629084   000000000000020000000008082   0003308100007414              
00481582054900183985239531009574225   000000000000100000000093429   0000832600007416              
00481582054900183985408422200423328   000000000000010000000766297   0001743500007425              
00481582054900183984311780115363809   000000000000001000000023909   0002030500007438              
00481582054900183985520030002120308   000000000000020000000105889   0000617300007440              
00481582054900183984392373144000162   000000000000010000000102992   0002518900007447              
00481582054900183984579611128350706   000000000000010000000105891   0001438100007449              
00481582054900183984311780174379704   000000000000010000000362881   0003101200007450              
00481582054900183984563186305213900   000000000000005000000609237   0003001800007464              
00481582054900183984563186305213900   000000000000005000000952787   0003001800007465              
00481582054900183984563028600355731   000000000000002500005         0003135300007466              
00481582054900183985239531000028809   000000000000010000000093441   0003142700007475              
00481582054900183985148729608330409   000000000000003000000001586   0003143400007482              
00481582054900183985239763501000181   000000000000020000000650368   0000318400007495              
00481582054900183984579600019048305   000000000000003000000105895   0002911400007496              
00481582054900183984392372545000391   000000000000010000000135315   0000486000007497              
00481582054900183984311780118694903   000000000000010000000990817   0003156200007500              
00481582054900183984639140156619194   000000000000002500000053400   0002854400007523              
00481582054900183984311951019027721   000000000000006000000093444   0003167400007525              
00481582054900183985452788807996907   000000000000010000000R98918   0003177500007526              
00481582054900183985239765940000060   000000000000005000000549194   0000903800007527              
00481582054900183984477570029881677   000000000000003000000962070   0003127700007531              
00481582054900183985408050032952907   000000000000010000000089461   0000322300007538              
00481582054900183984514454903266104   000000000000003000000059921   0002749400007603              
00481582054900183984514450003694401   000000000000010000000059922   0002891300007606              
00481582054900183984639140131513389   000000000000001000000024697   0002723600007633              
00481582054900183984563188445164209   000000000000003000000232093   0001920700007649              
00481582054900183984563018705934985   000000000000001000000093452   0002746100007657              
00481582054900183984311951009614736   000000000000120000014         0000176600007659              
00481582054900183984380450192379203   000000000000005000000105900   0000790900007660              
00481582054900183984682365072105368   000000000000060000000008087   0000709600007671              
00481582054900183984563139403613604   000000000000010000000934246   0002424200007714              
00481582054900183984563186305121608   000000000000006000000405884   0001959800007719              
00481582054900183985148691004651905   000000000000010000000766280   0000243700007745              
00481582054900183985452790070894405   000000000000005000000R98919   0003279400007750              
00481582054900183984311780167344608   000000000000005000005         0001912400007760              
00481582054900183984311789713138109   000000000000010000000239768   0003980100007763              
00481582054900183984311780136862003   000000000000010000000504245   0002027600007769              
00481582054900183984503070010365796   000000000000010000000084395   0001721400007791              
00481582054900183984311951022145734   000000000000005000000093460   0001547500007792              
00481582054900183985521995374000263   000000000000005000000075305   0003303900007811              
00481582054900183984563130045442221   000000000000010000000569627   0001993800007816              
00481582054900183984392379460000405   000000000000005000000418738   0001325900007827              
00481582054900183984563018507527920   000000000000010000005         0001375000007828              
00481582054900183985239531001566500   000000000000020000000093465   0003316200007829              
00481582054900183985179517302596108   000000000000006000014         0001938100007848              
00481582054900183984563198108456321   000000000000005000014         0001584400007863              
00481582054900183984682365854433863   000000000000010000000008089   0003280400007864              
00481582054900183985521997960018709   000000000000005000000034178   0002162400007867              
00481582054900183985521997960018709   000000000000005000000494629   0001510800007868              
00481582054900183984025951718608505   000000000000010000041         0001288300007881              
00481582054900183984637890200931704   000000000000005000000001595   0000114700007887              
00481582054900183984563011012146534   000000000000002000000093473   0002216800007889              
00481582054900183984682365852153133   000000000000010000000008090   0003991400007891              
00481582054900183984056503802511509   000000000000020000000105906   0000689500007894              
00481582054900183985148991698869106   000000000000012000000075779   0001414900007896              
00481582054900183984392378356000123   000000000000036000000763526   0002755700007909              
00481582054900183984311951043220342   000000000000003000000093474   0000778300007921              
00481582054900183984514450001352804   000000000000020000000059925   0000507600007924              
00481582054900183985520000130755002   000000000000005000000570960   0001628000007928              
00481582054900183984029876906972007   000000000000001000000614310   0003375700007930              
00481582054900183984029876906972007   000000000000001000000979217   0003376800007931              
00481582054900183984029876906972007   000000000000001000000096876   0003376900007932              
00481582054900183984514450001668100   000000000000010000000059926   0001520900007940              
00481582054900183985239769320000237   000000000000003000000797605   0003382400007942              
00481582054900183984365419919224199   000000000000005000000084398   0003382500007943              
00481582054900183984563188446340204   000000000000003000000608438   0003385600007947              
00481582054900183984579691738553501   000000000000002000041         0001646100007952              
00481582054900183985157130000575493   000000000000030000000766260   0001350200007965              
00481582054900183985242310000012500   000000000000005000000050809   0000544800007970              
00481582054900183985409621460539306   000000000000007000041         0001735100007977              
00481582054900183984514453601873807   000000000000010000000059928   0003117200007979              
00481582054900183985239761833000010   000000000000035000005         0000830000007986              
00481582054900183985241313602196904   000000000000035000000655038   0000830000007987              
00481582054900183984392370122257806   000000000000010000005         0002932900008026              
00481582054900183984688288800962609   000000000000005000000655039   0003425800008041              
00481582054900183985520000150080000   000000000000020000000049174   0003430200008044              
00481582054900183984038508911397966   000000000000010000000417796   0003416400008054              
00481582054900183984392372296000111   000000000000020000000179295   0000051700008058              
00481582054900183985433760017718904   000000000000010000000001600   0001731000008061              
00481582054900183985241080003962305   000000000000010000000956195   0000209100008063              
00481582054900183985239769962000123   000000000000010000000526073   0000027700008066              
00481582054900183984579600020440103   000000000000003000000105918   0003449600008071              
00481582054900183985520000144413101   000000000000020000000762110   0002424100008081              
00481582054900183984311780221705208   000000000000010000000830601   0003163500008082              
00481582054900183985521292033757891   000000000000010000000R98920   0001721600008092              
00481582054900183984579590009761605   000000000000010000000056396   0002386900008093              
00481582054900183984380456797622400   000000000000100000000105921   0002878800008112              
00481582054900183984311785402618609   000000000000050000007         0003490900008116              
00481582054900183985147380000092071   000000000000010000000417797   0001156500008129              
00481582054900183984563191801032705   000000000000010000000093501   0002859500008130              
00481582054900183984637817900050006   000000000000005000000059929   0001224400008131              
00481582054900183985242558880009893   000000000000005000000510768   0000646200008137              
00481582054900183984682364085864954   000000000000002000005         0003509600008143              
00481582054900183985520464702307313   000000000000005000000649580   0001609300008149              
00481582054900183984637818005659808   000000000000001000000059930   0003042300008166              
00481582054900183985520030002120308   000000000000020000000105924   0000617300008184              
00481582054900183984503070083929023   000000000000010000000084399   0002550700008188              
00481582054900183984003538600911588   000000000000005000000281008   0003533500008189              
00481582054900183984003538600911588   000000000000002000000166192   0003533600008190              
00481582054900183984003538600911588   000000000000002000000212014   0003533600008191              
00481582054900183984003538600911588   000000000000001000000119196   0003533700008192              
00481582054900183984003538600911588   000000000000001000000132421   0000451300008193              
00481582054900183984003538600911588   000000000000001000000182639   0000451300008194              
00481582054900183984003538600911588   000000000000001000000152010   0003533800008195              
00481582054900183985520466519227808   000000000000003000000238995   0002410500008203              
00481582054900183985179512402785602   000000000000005000000059932   0003463800008211              
00481582054900183983560710101026805   000000000000010000000130792   0003545800008218              
00481582054900183984311780144182501   000000000000010000000444047   0000867000008222              
00481582054900183985521970500415941   000000000000010000000766245   0001771700008224              
00481582054900183984541850699300402   000000000000005000000055044   0003187700008228              
00481582054900183984392371736000590   000000000000010000000107831   0000676700008230              
00481582054900183984311951803017854   000000000000001000000093515   0003554500008241              
00481582054900183984695856881094301   000000000000030000000092464   0003545900008242              
00481582054900183984579600195359807   000000000000030000005         0001232300008250              
00481582054900183984741340000072807   000000000000010000000226409   0003560100008255              
00481582054900183984392370799000182   000000000000010000005         0002014800008258              
00481582054900183985241060200382838   000000000000005000041         0003561800008260              
00481582054900183984870238006155175   000000000000009000000972830   0003550500008265              
00481582054900183985408430908041003   000000000000003000005         0001825300008270              
00481582054900183984514453610309009   000000000000025000000059933   0001143500008274              
00481582054900183984365419972234481   000000000000005000051         0003085100008278              
00481582054900183984380450104444905   000000000000003000000105936   0002910200008280              
00481582054900183984182301002223471   000000000000010000000093521   0001061800008283              
00481582054900183985521990123840705   000000000000010000000882415   0002469000008287              
00481582054900183984563135100919500   000000000000030000000543254   0002184100008289              
00481582054900183984392375966000311   000000000000100000000303725   0000099700008292              
00481582054900183985239531006109280   000000000000010000054         0001601700008295              
00481582054900183984637817904367703   000000000000020000000059934   0002932900008302              
00481582054900183984023100012843267   000000000000008500000766238   0000434900008307              
00481582054900183984023100700875134   000000000000012000000766237   0002666000008310              
00481582054900183984503070086839328   000000000000005000000084401   0002343200008311              
00481582054900183985427007391219804   000000000000010000000720021   0001923000008322              
00481582054900183984423550014374107   000000000000005000000008093   0000433700008331              
00481582054900183985228315663000005   000000000000010000000844430   0001836500008332              
00481582054900183985228315663000005   000000000000010000000969591   0002065400008333              
00481582054900183985228315663000005   000000000000010000000854216   0002706700008334              
00481582054900183985228315663000005   000000000000010000000405228   0002065300008335              
00481582054900183984311780009566103   000000000000050000000144982   0002522700008336              
00481582054900183985560485014025658   000000000000020000000312222   0000329400008339              
00481582054900183984563270770021202   000000000000003000000766228   0003608400008347              
00481582054900183984380450195390009   000000000000030000000105939   0001156100008349              
00481582054900183985521970500568582   000000000000010000000766227   0000464900008350              
00481582054900183984311951003277217   000000000000005000000093532   0001031900008352              
00481582054900183985239531000065769   000000000000020000000093537   0002188000008355              
00481582054900183984682365813802810   000000000000010000000008095   0003614600008359              
00481582054900183985520540201577009   000000000000005000000001609   0003456400008363              
00481582054900183984311951803732213   000000000000020000000093539   0001787700008364              
00481582054900183985148691004072508   000000000000005000000766223   0003616500008366              
00481582054900183985520491009961443   000000000000002000054         0003625000008367              
00481582054900183984311780001606709   000000000000010000000939527   0000169600008368              
00481582054900183984311780001606709   000000000000120000000512584   0000169600008369              
00481582054900183984563189203574209   000000000000005000000133074   0003435100008373              
00481582054900183985239768925000329   000000000000006000000853671   0003417600008375              
00481582054900183984311951042911313   000000000000010000000093549   0003252600008376              
00481582054900183984023100580453010   000000000000005000000766219   0002297500008378              
00481582054900183984682363000034644   000000000000020000000008096   0003642500008387              
00481582054900183984637817905089405   000000000000002000000059938   0003642600008388              
00481582054900183985520468700174708   000000000000005000000176309   0002807900008390              
00481582054900183985242558846011652   000000000000020000000744623   0000043100008393              
00481582054900183985521294083957926   000000000000010000000R98921   0002353800008394              
00481582054900183984380451600855305   000000000000003000000105949   0002655700008396              
00481582054900183984380450157541409   000000000000005000000105950   0001006400008402              
00481582054900183985433814600941504   000000000000005000000059940   0001796600008404              
00481582054900183984281410400044064   000000000000002000000141180   0003543500008408              
00481582054900183984003538600009318   000000000000010000000550937   0000136700008410              
00481582054900183984688288801117302   000000000000020000000855050   0001773500008412              
00481582054900183984579611121357807   000000000000012000000105951   0000704000008413              
00481582054900183984637896602028304   000000000000005000000001614   0001905900008414              
00481582054900183985453056660270409   000000000000005000000379858   0001947100008418              
00481582054900183984311951800856403   000000000000005000000093566   0003343800008425              
00481582054900183984311951053500419   000000000000003000043         0003602500008429              
00481582054900183984579610141229202   000000000000010000000105952   0002753800008430              
00481582054900183985148848902737901   000000000000010000000855051   0000429500008432              
00481582054900183984182301009215447   000000000000010000000093568   0003668200008435              
00481582054900183984380450110389102   000000000000010000000105955   0001774400008436              
00481582054900183984023730001160503   000000000000008500000048014   0000342200008445              
00481582054900183984637818001657608   000000000000010000000059941   0003675600008447              
00481582054900183984392377172000200   000000000000002000000963610   0003676300008448              
00481582054900183984067691821768106   000000000000010000000091221   0001311900008453              
00481582054900183985452030001549509   000000000000003000000001622   0003348800008455              
00481582054900183985241150310878807   000000000000005000000001623   0000194900008456              
00481582054900183985520491800557838   000000000000010000000093572   0002217900008462              
00481582054900183984649616598000109   000000000000010000000930865   0003240000008466              
00481582054900183984514452404405007   000000000000005000000059942   0003693500008467              
00481582054900183984063763400004205   000000000000040000000766206   0001876300008468              
00481582054900183984147630022064208   000000000000005000000105960   0002980800008469              
00481582054900183985433749202683304   000000000000003000000119773   0003067200008472              
00481582054900183984563181000737303   000000000000100000000411498   0000111800008473              
00481582054900183984682365841816584   000000000000300000000008098   0002989300008475              
00481582054900183984579660133041107   000000000000010000000980152   0003701700008477              
00481582054900183985520491006341482   000000000000020000000093579   0002256100008480              
00481582054900183985521990012000429   000000000000010000000571424   0000638300008481              
00481582054900183984029876506117102   000000000000010000000237456   0001830200008482              
00481582054900183984579762713182903   000000000000010000000002412   0001429200008485              
00481582054900183985520030304181602   000000000000010000000105964   0002598900008487              
00481582054900183985520030304181602   000000000000010000000105965   0002598900008488              
00481582054900183985156115014009408   000000000000005000000523043   0003711800008490              
00481582054900183984563130064653203   000000000000010000000847120   0003714800008495              
00481582054900183984563191010594172   000000000000002000000093589   0003573600008502              
00481582054900183984311780207412704   000000000000010000000858831   0000324400008504              
00481582054900183985409660209011201   000000000000002000000059945   0003423700008506              
00481582054900183984147630702798703   000000000000010000000105967   0004982200008507              
00481582054900183984311951047659909   000000000000005000014         0003718600008508              
00481582054900183984380451001801304   000000000000100000054         0000069400008510              
00481582054900183984029876904482207   000000000000020000000093380   0002234900008512              
00481582054900183983560676857716503   000000000000005000000004622   0001053300008513              
00481582054900183985242558845028061   000000000000010000000416526   0002721900008514              
00481582054900183983567336500045106   000000000000010000000096672   0003452400008515              
00481582054900183984182301008196119   000000000000030000000093593   0001802700008519              
00481582054900183985428273460492842   000000000000010000000R91073   0000998900008528              
00481582054900183984579570802274402   000000000000010000000530744   0002201900008534              
00481582054900183984182301008874582   000000000000006000000093595   0003556800008537              
00481582054900183984579522900123304   000000000000006000000059948   0001322200008538              
00481582054900183985222328280105111   000000000000080000000417802   0000348900008555              
00481582054900183984380450197903304   000000000000001000000105971   0003749800008558              
00481582054900183984503070024660109   000000000000020000000084409   0003189400008560              
00481582054900183983567430053198105   000000000000010000005         0003756700008567              
00481582054900183985241089400599503   000000000000010000000115455   0003466200008569              
00481582054900183984380450161302905   000000000000010000000105973   0001346300008570              
00481582054900183984182301007563368   000000000000010000000093603   0001346300008571              
00481582054900183985520541101224601   000000000000020000000001629   0001774200008583              
00481582054900183985185420001460704   000000000000250000000949351   0000837600008595              
00481582054900183984182301007271517   000000000000020000000093607   0003591600008596              
00481582054900183984182301002829434   000000000000020000000093611   0000818500008604              
00481582054900183984377218800103363   000000000000010000000018863   0003333400008605              
00481582054900183984311780007194700   000000000000010000000223829   0003776800008609              
00481582054900183985521995020017901   000000000000010000000196370   0002595800008615              
00481582054900183985520004103126605   000000000000020000000646373   0000029300008618              
00481582054900183985520491009310310   000000000000006000000093615   0000579000008621              
00481582054900183984365419936927329   000000000000010000000084411   0001019600008625              
00481582054900183985241084301878304   000000000000050000000849909   0003564700008632              
00481582054900183985241084301878304   000000000000050000000552338   0003294900008633              
00481582054900183985241084301878304   000000000000050000000483437   0003071500008634              
00481582054900183985241084301878304   000000000000050000000308827   0002850600008635              
00481582054900183985520000128441003   000000000000012000000688990   0000482200008640              
00481582054900183985521974700719276   000000000000100000000766185   0002561800008647              
00481582054900183985148848906918309   000000000000003000000755056   0003009800008649              
00481582054900183985228316319000035   000000000000020000000177695   0001724900008655              
00481582054900183985408050022984605   000000000000010000000425170   0003059200008658              
00481582054900183984392374981000125   000000000000010000000368143   0000237400008659              
00481582054900183983565710101252604   000000000000008500000084957   0002158700008660              
00481582054900183984541850699687105   000000000000010000000755058   0002603300008661              
00481582054900183984705380106206770   000000000000003000005         0004872700008663              
00481582054900183984365419998850815   000000000000070000000084412   0000661900008668              
00481582054900183984863751687889119   000000000000002000000001114   0003065400008670              
00481582054900183984056502801175704   000000000000010000000105987   0000093800008671              
00481582054900183985520469401311706   000000000000010000000394656   0002457000008672              
00481582054900183985521970080656047   000000000000040000000766182   0001556300008676              
00481582054900183985427007233287506   000000000000020000000262572   0000230000008677              
00481582054900183984025951715741903   000000000000027000041         0001520200008679              
00481582054900183985239761278000186   000000000000010000000913570   0003790900008680              
00481582054900183984365409990391777   000000000000040000000084414   0002670200008681              
00481582054900183984311951803297183   000000000000010000014         0000126000008682              
00481582054900183984029876501171203   000000000000010000000282613   0003463500008683              
00481582054900183984058650213989705   000000000000008500000001631   0002204300008685              
00481582054900183984682365800283693   000000000000020000000008100   0002005500008689              
00481582054900183985239531000918991   000000000000100000000093637   0000115000008692              
00481582054900183985520000121741409   000000000000010000000002691   0000800100008694              
00481582054900183984726342900053019   000000000000002000000059954   0002103400008696              
00481582054900183984311951007796477   000000000000020000000093639   0000321500008697              
00481582054900183985520030306282309   000000000000030000000105999   0003011900008699              
00481582054900183985148691005128994   000000000000010000000766174   0003211100008702              
00481582054900183984579675697000026   000000000000010000000108029   0002587900008703              
00481582054900183984182301001442023   000000000000005000043         0002809600008705              
00481582054900183985157130000613914   000000000000010000000766172   0001048700008707              
00481582054900183984514450208982304   000000000000020000000059955   0000597100008708              
00481582054900183985239531009095734   000000000000050000000093643   0002506300008709              
00481582054900183985408053302852203   000000000000010000000493007   0002518300008710              
00481582054900183985241960013064400   000000000000010000005         0002650500008711              
00481582054900183985471728302346031   000000000000010000000128323   0000077200008713              
00481582054900183984311789605952500   000000000000001000000934689   0000921500008714              
00481582054900183985241060001641374   000000000000010000000766167   0002171800008717              
00481582054900183985157130000062245   000000000000006000000766166   0001859600008719              
00481582054900183985520466402902806   000000000000016000000501319   0003604400008722              
00481582054900183985239531004713380   000000000000010000000093650   0003809800008724              
00481582054900183984637817906519608   000000000000010000000059956   0002949000008726              
00481582054900183984380451594973007   000000000000001000005         0003416600008727              
00481582054900183984311951800859761   000000000000100000000093652   0002893300008731              
00481582054900183985240330045299104   000000000000060000000315425   0001331500008732              
00481582054900183984003611000307028   000000000000100000000093654   0002230900008735              
00481582054900183984038508910823863   000000000000001000000417803   0002770700008736              
00481582054900183984311951047385257   000000000000002000014         0004016000008738              
00481582054900183984563198103000702   000000000000001000000093657   0003105400008740              
00481582054900183984311780226350802   000000000000120000000591138   0001721200008741              
00481582054900183984579580126167208   000000000000025000000052209   0003493200008743              
00481582054900183984392375860000391   000000000000010000000033455   0003814400008754              
00481582054900183985471728300464703   000000000000010000000101330   0000812400008756              
00481582054900183984311780218955204   000000000000010000000684113   0002244100008757              
00481582054900183984688288000968307   000000000000005000000355062   0001407000008758              
00481582054900183985239531002828560   000000000000005000000093661   0003718600008762              
00481582054900183984063760000171111   000000000000200000000766154   0002559600008763              
00481582054900183985520464816599805   000000000000100000000377359   0000094000008766              
00481582054900183985520000121327308   000000000000006000000507429   0003820000008767              
00481582054900183984987134500418906   000000000000002000000389901   0002595900008770              
00481582054900183985520000124432501   000000000000020000000747843   0003467800008772              
00481582054900183984637817900203308   000000000000010000000059957   0000679000008773              
00481582054900183985409731271316131   000000000000010000041         0000053300008776              
00481582054900183984311780238994308   000000000000003000000551579   0000720500008778              
00481582054900183985239531000166963   000000000000010000000093668   0003983900008779              
00481582054900183984311780231169304   000000000000030000000622656   0000142000008781              
00481582054900183984311780119853508   000000000000005000000231054   0003824400008783              
00481582054900183985520000003179108   000000000000200000000726763   0000139500008785              
00481582054900183985433778907945007   000000000000010000000478466   0002711500008786              
00481582054900183984023100501380029   000000000000008000000766149   0002057800008787              
00481582054900183985520030016984004   000000000000003000054         0002449100008790              
00481582054900183985239531008902971   000000000000050000043         0001285400008791              
00481582054900183985588520045911100   000000000000010000000032243   0000033000008792              
00481582054900183984311951000510461   000000000000010000000093675   0003687500008794              
00481582054900183984311951013656079   000000000000010000000093678   0003611400008795              
00481582054900183984365419981100731   000000000000200000000084417   0002114400008796              
00481582054900183985157130000274063   000000000000010000000766144   0000563100008798              
00481582054900183984579520306872102   000000000000020000000059963   0001418600008800              
00481582054900183984541847745358103   000000000000010000000011011   0002307000008803              
00481582054900183985520464803913001   000000000000006000000708511   0003836500008804              
00481582054900183984579600025152109   000000000000005000000106022   0003473800008805              
00481582054900183985157160104325305   000000000000010000000892420   0002571900008806              
00481582054900183985520466520118509   000000000000010000000078579   0002539300008808              
00481582054900183984688288705516609   000000000000030000000755063   0003840500008811              
00481582054900183984311951802080499   000000000000020000000093686   0002210800008813              
00481582054900183984311951020801841   000000000000005000000093688   0003844300008815              
00481582054900183984023103700246769   000000000000003000000766139   0001929700008817              
00481582054900183984637890300579601   000000000000010000000001645   0003844400008818              
00481582054900183985521997710045309   000000000000010000000612230   0002950000008821              
00481582054900183984938227586744102   000000000000010000000816042   0002590600008822              
00481582054900183985409456802356709   000000000000020000000768398   0002983100008823              
00481582054900183984147631510754904   000000000000003000000106036   0003812600008824              
00481582054900183984311951042019604   000000000000010000014         0001689000008825              
00481582054900183984563198508271692   000000000000005000000093690   0001316800008827              
00481582054900183985521995728000472   000000000000010000000208783   0002753900008829              
00481582054900183985239531004533416   000000000000050000000093692   0002515900008831              
00481582054900183984688280700099301   000000000000005000000955065   0002924200008834              
00481582054900183984147630010364909   000000000000020000000106043   0002924900008835              
00481582054900183983563518101820870   000000000000002000000093693   0003590600008837              
00481582054900183985241060280020811   000000000000050000000766132   0001193500008839              
00481582054900183985241150325451400   000000000000010000000001649   0003856300008840              
00481582054900183984311789600782506   000000000000015000000226159   0001758400008841              
00481582054900183984058650203939702   000000000000005000000001650   0001845300008843              
00481582054900183985433777310855001   000000000000010000000950856   0002578400008844              
00481582054900183984579530502120503   000000000000010000000059965   0000210100008845              
00481582054900183984182301080133998   000000000000010000000093701   0003860000008846              
00481582054900183985241313603365409   000000000000010000000055067   0003309500008847              
00481582054900183984380456743726107   000000000000012000000106049   0003712500008848              
00481582054900183984063760400178393   000000000000020000000766128   0001497400008849              
00481582054900183984579586653264102   000000000000020000000062631   0003862200008850              
00481582054900183983560900100414306   000000000000005000000242139   0003862400008851              
00481582054900183985520464500403900   000000000000005000000988233   0003863000008852              
00481582054900183984311780119733007   000000000000003000000747378   0001655300008854              
00481582054900183985241060200528174   000000000000010000000766126   0001548300008857              
00481582054900183984311951803386325   000000000000010000000093705   0003865800008858              
00481582054900183984503070019289088   000000000000010000000084421   0000487100008860              
00481582054900183984509502170157187   000000000000010000000004220   0002967600008861              
00481582054900183985433738960007830   000000000000003000000417805   0001865700008863              
00481582054900183985408422200407388   000000000000010000000766121   0003025800008864              
00481582054900183984682350000023602   000000000000010000000020975   0003874700008869              
00481582054900183984311780239944724   000000000000010000000310115   0003832600008870              
00481582054900183985521994360015203   000000000000010000000786259   0003874800008872              
00481582054900183985522358800029050   000000000000005000000182091   0001091700008873              
00481582054900183984392377362000200   000000000000020000000257437   0003874900008874              
00481582054900183985520009600370614   000000000000005000000945432   0003469100008875              
00481582054900183984311951022967772   000000000000008500000093710   0000582400008876              
00481582054900183985153520000579293   000000000000010000000971615   0001046800008877              
00481582054900183985521292004192466   000000000000003000000R98924   0003876000008878              
00481582054900183984637818005077100   000000000000010000000059968   0000152800008879              
00481582054900183984365399916938233   000000000000003000000084423   0000724400008880              
00481582054900183984688143920705901   000000000000010000000004221   0000116700008884              
00481582054900183984688143920705901   000000000000010000000004222   0003882900008885              
00481582054900183984003538601151697   000000000000002000000802301   0003874300008886              
00481582054900183984182301009064985   000000000000040000000093715   0002198400008888              
00481582054900183985241084300337609   000000000000010000000858371   0000092900008889              
00481582054900183985156115005860405   000000000000020000005         0002050700008892              
00481582054900183984510294400523183   000000000000010000000031071   0004101000008895              
00481582054900183984182301005827518   000000000000080000000093717   0000960600008896              
00481582054900183984380450190067305   000000000000010000000106063   0002798300008898              
00481582054900183984705380179733015   000000000000002000000647299   0003810400008899              
00481582054900183984987136500585600   000000000000008000000232470   0002490000008900              
00481582054900183984380451598258306   000000000000021000054         0003889600008901              
00481582054900183985148691006300972   000000000000050000000766113   0003424000008902              
00481582054900183984147631600760605   000000000000010000000106066   0003343700008903              
00481582054900183985520464823383409   000000000000003000000618675   0003893300008904              
00481582054900183984392370123778909   000000000000010000000511986   0001277200008905              
00481582054900183985520467600759501   000000000000006000000785311   0001746700008906              
00481582054900183984695850023085004   000000000000007000000028933   0002954900008907              
00481582054900183984182301004996744   000000000000010000000093727   0003631400008909              
00481582054900183985453051123933800   000000000000010000000385317   0002462700008910              
00481582054900183984423555980164903   000000000000010000000008105   0002658100008911              
00481582054900183985520000147617104   000000000000010000000008374   0000542100008912              
00481582054900183984523841211485567   000000000000010000000004223   0002334700008914              
00481582054900183985242630007892103   000000000000010000000975832   0001359400008916              
00481582054900183984503070786809944   000000000000010000000084425   0002436900008918              
00481582054900183984503070705119946   000000000000003000000084426   0003897200008920              
00481582054900183984601996427545102   000000000000005000000408568   0003812900008921              
00481582054900183985148691081770974   000000000000030000000766105   0002210200008923              
00481582054900183984311780130128401   000000000000002000000742142   0001731400008924              
00481582054900183984563130209305016   000000000000010000000427962   0001685700008926              
00481582054900183984311785403031836   000000000000050000000297263   0003848800008927              
00481582054900183984682363000041573   000000000000010000000008106   0002853300008930              
00481582054900183984392370767000099   000000000000020000000327389   0002498300008931              
00481582054900183984682365838893513   000000000000020000000008107   0003236200008932              
00481582054900183985441350008702206   000000000000002000000875486   0001814400008933              
00481582054900183984563181001788503   000000000000020000000670873   0000333700008934              
00481582054900183984182301005400795   000000000000010000000093739   0001318200008936              
00481582054900183984563020071150600   000000000000010000000812200   0000463700008937              
00481582054900183984563186305399204   000000000000020000000961307   0003905800008938              
00481582054900183984563130086040801   000000000000100000000589243   0002476200008939              
00481582054900183984682365868261045   000000000000010000000008108   0002774600008940              
00481582054900183984514450203011406   000000000000030000000059970   0001038200008941              
00481582054900183985588650029131100   000000000000010000000656732   0003907200008942              
00481582054900183985520000108055302   000000000000050000000137340   0003288600008943              
00481582054900183985520466511010202   000000000000020000000949033   0003007800008944              
00481582054900183984682365800473195   000000000000015000000008109   0002895600008945              
00481582054900183984579630013803504   000000000000040000000035229   0001311300008948              
00481582054900183984311780193403808   000000000000010000000745392   0001896500008949              
00481582054900183984695878500495602   000000000000003000000955072   0002657300008951              
00481582054900183984311780219043802   000000000000004000000418107   0003911200008953              
00481582054900183984311789900432901   000000000000100000000210117   0000905900008955              
00481582054900183985241150325420504   000000000000010000000001660   0002596100008956              
00481582054900183985520468902382810   000000000000010000000400425   0000674700008957              
00481582054900183984637890101462908   000000000000010000000001662   0002591900008958              
00481582054900183985433728503423586   000000000000010000000093753   0000020800008959              
00481582054900183984182301002282550   000000000000005000000093754   0003148000008960              
00481582054900183984311780144850602   000000000000050000000129259   0001911100008963              
00481582054900183985408422200498486   000000000000020000000766082   0000167600008964              
00481582054900183985241060001751751   000000000000050000000766080   0001430200008965              
00481582054900183984038798280231041   000000000000010000000417811   0001943700008967              
00481582054900183984258980013247105   000000000000050000000166472   0002777200008968              
00481582054900183985148691005373525   000000000000010000000766078   0002265700008969              
00481582054900183985222328010040349   000000000000005000000417812   0003435200008971              
00481582054900183984147631699929103   000000000000010000057         0003915800008972              
00481582054900183984182301008432514   000000000000005000000093758   0001440700008973              
00481582054900183985520005800313347   000000000000010000000086187   0003916700008975              
00481582054900183985433777501500606   000000000000005000000394512   0003916800008976              
00481582054900183984147631602132209   000000000000010000000106091   0001045900008977              
00481582054900183983566706605357005   000000000000100000000001663   0000767500008980              
00481582054900183983569694500771602   000000000000100000041         0001377500008981              
00481582054900183985521991250015806   000000000000010000000421776   0000436000008982              
00481582054900183984311951055259923   000000000000010000000093764   0000709200008983              
00481582054900183985520465504769600   000000000000005000000291234   0001053400008984              
00481582054900183984029876505662306   000000000000005000000925182   0002205600008985              
00481582054900183984147630012143301   000000000000005000000106094   0001941700008986              
00481582054900183984284400200318468   000000000000006000000026372   0000000100008987              
00481582054900183985520464905884001   000000000000010000000123636   0001159900008989              
00481582054900183984889760000049285   000000000000020000000199614   0001487400008990              
00481582054900183984380451002276704   000000000000100000000106096   0001716000008991              
00481582054900183985241089400934403   000000000000050000000728795   0001912900008992              
00481582054900183983565538600262208   000000000000030000000109859   0002063000008993              
00481582054900183984258980006697100   000000000000100000000169702   0002153500008994              
00481582054900183985239531001075874   000000000000010000000093769   0002506200008995              
00481582054900183985466960010344209   000000000000030000000766064   0003936900008996              
00481582054900183985521294000052652   000000000000050000000R98926   0003920700008997              
00481582054900183984682365800171161   000000000000200000000008112   0003927100008998              
00481582054900183984563130210378804   000000000000030000000563944   0003926700009000              
00481582054900183984057010001520108   000000000000020000000076956   0001246100009001              
00481582054900183984563181001953404   000000000000010000000256561   0003577700009004              
00481582054900183984639130541990129   000000000000015000000038701   0001793700009005              
00481582054900183984380451596430402   000000000000002000054         0002332500009007              
00481582054900183984726358304887307   000000000000010000000059974   0000203100009008              
00481582054900183984392375488000732   000000000000010000000225365   0003940100009009              
00481582054900183985239766080000266   000000000000003000005         0003624500009010              
00481582054900183984284300101384918   000000000000007000000766058   0002451700009011              
00481582054900183985157160104372406   000000000000010000000767757   0003941000009012              
00481582054900183984682365800001897   000000000000015000000008113   0003942900009013              
00481582054900183983565620113380709   000000000000020000000001673   0000307300009014              
00481582054900183985433746005265800   000000000000010000000489430   0003419600009017              
00481582054900183984579673300178107   000000000000010000000877836   0002971200009018              
00481582054900183984311780192487406   000000000000300000000753214   0002485800009020              
00481582054900183984182301008249298   000000000000010000000093783   0000224900009021              
00481582054900183984380450131724709   000000000000010000000106111   0002595700009022              
00481582054900183984503070031743948   000000000000012000000084433   0002969600009023              
00481582054900183984637817905347902   000000000000010000000059976   0001326100009024              
00481582054900183984311789704577802   000000000000010000000661849   0003945200009025              
00481582054900183984682365099136305   000000000000060000000008114   0002087000009026              
00481582054900183984688288800872709   000000000000050000000755077   0000558700009027              
00481582054900183984563189202584605   000000000000010000000250672   0002087200009028              
00481582054900183984563130208571303   000000000000040000000796151   0003275200009029              
00481582054900183984907080013716145   000000000000030000000789214   0000066400009030              
00481582054900183984563198080682217   000000000000010000000093795   0002296600009031              
00481582054900183984579520209406206   000000000000002000000059979   0001730500009032              
00481582054900183985157130000393749   000000000000020000000766053   0003947600009033              
00481582054900183984029876503399802   000000000000010000000502483   0001474000009034              
00481582054900183984023103401789646   000000000000020000000766051   0002460000009035              
00481582054900183985520465513295209   000000000000010000000327626   0003897100009036              
00481582054900183985433811105047605   000000000000010000000059980   0003674400009039              
00481582054900183985428027748569502   000000000000006000000567828   0003215800009040              
00481582054900183984029876506430208   000000000000010000000835412   0001776000009041              
00481582054900183984637818319135701   000000000000005000000059981   0003738800009042              
00481582054900183985520464704136405   000000000000001000000661438   0003954200009045              
00481582054900183984863751723982100   000000000000001000000174234   0003746100009047              
00481582054900183983565580706143700   000000000000010000000106123   0003353500009048              
00481582054900183983565580706143700   000000000000010000000106125   0003353500009049              
00481582054900183985521990122492706   000000000000050000000967991   0001178000009052              
00481582054900183984182301008948279   000000000000005000000093810   0003954900009053              
00481582054900183985433710099890808   000000000000020000000106128   0001456500009054              
00481582054900183985520000157077108   000000000000010000000213833   0001528600009055              
00481582054900183985433810200086500   000000000000005000000059982   0003306300009056              
00481582054900183984023100013436962   000000000000030000000766041   0000103800009057              
00481582054900183984182301005403211   000000000000035000000093814   0002463300009059              
00481582054900183985242634996800101   000000000000003000000568174   0002768100009060              
00481582054900183984682364000451523   000000000000010000000008115   0002954800009061              
00481582054900183984284300100866733   000000000000002000000766037   0003838400009062              
00481582054900183983567536566113108   000000000000003000000177462   0001155600009063              
00481582054900183984503070779267027   000000000000002000000084436   0003744400009064              
00481582054900183984029874503719301   000000000000005000000696602   0002952500009065              
00481582054900183984748320000064676   000000000000060000000766035   0001504400009066              
00481582054900183984311951054673827   000000000000005000000093819   0001040300009067              
00481582054900183985239531005053042   000000000000100000000093820   0001231800009068              
00481582054900183984503070088484834   000000000000001000000084437   0003088400009069              
00481582054900183984563130203776303   000000000000003000000415242   0000022700009070              
00481582054900183984563130209305016   000000000000010000000968915   0001685700009072              
00481582054900183984147631511831107   000000000000010000000106132   0002854300009073              
00481582054900183985433777501402308   000000000000005000000380125   0004936600022974              
00481582054900183984563198513417363   000000000000010000000093822   0003421300022978              
00481582054900183985241060201684257   000000000000010000000766027   0004941100022980              
00481582054900183984385820000777290   000000000000010000000766025   0000122900022981              
00481582054900183984503070756009038   000000000000020000000084438   0002070100022994              
00481582054900183985520464502940602   000000000000144000000500849   0003897000022995              
00481582054900183984311789600013001   000000000000020000000184330   0000030200022997              
00481582054900183985521998867000238   000000000000010000005         0003958700023009              
00481582054900183984563180028720606   000000000000010000000056050   0001581000023010              
00481582054900183984182301002794455   000000000000020000000093826   0001149700023013              
00481582054900183984182301001215726   000000000000010000000093827   0000623300023014              
00481582054900183984695856813108203   000000000000002000000087766   0000749800023018              
00481582054900183984579511001236404   000000000000010000000001683   0003616900023044              
00481582054900183985521970017066609   000000000000050000000766021   0001886400023045              
00481582054900183984503070043766119   000000000000050000000084441   0000823000023046              
00481582054900183984380450170484405   000000000000050000000106140   0003319700023047              
00481582054900183985520464811200508   000000000000010000000698866   0003492800023048              
00481582054900183984423555867566600   000000000000005000000008116   0001056000023049              
00481582054900183984284300000862345   000000000000005000000766017   0001963000023050              
00481582054900183985239766524000187   000000000000020000005         0002350700023051              
00481582054900183984023103400469729   000000000000003000000766016   0002734500023053              
00481582054900183984023100700710562   000000000000015000000766015   0003701300023054              
00481582054900183984503010099000389   000000000000008000012         0003228200023055              
00481582054900183985239531003691397   000000000000010000000093833   0000666300023056              
00481582054900183984705720000177405   000000000000030000000001686   0004951000023057              
00481582054900183984726358308143004   000000000000002000000059990   0001428800023058              
00481582054900183984147202136581046   00000000000010000000003743D   0002719400023059              
00481582054900183985521179301911609   000000000000005000000156567   0004950900023060              
00481582054900183985408942080721541   000000000000020000005         0002075300023070              
00481582054900183985239531005389867   000000000000030000000093838   0000845000023071              
00481582054900183985520541501171709   000000000000015000000001688   0000211600023072              
00481582054900183985239531009283199   000000000000010000000093842   0002117100023073              
00481582054900183984311951059308924   000000000000005000000093843   0002746400023074              
00481582054900183983565800000729552   000000000000100000000766012   0001492500023075              
00481582054900183985433746006457000   000000000000003000000164001   0003725400023076              
00481582054900183984514450001331204   000000000000010000000059991   0001683600023077              
00481582054900183985468580003676611   000000000000100000000326584   0000334100023090              
00481582054900183984311951002396109   000000000000003000000093848   0000785800023109              
00481582054900183985520464808881203   000000000000002000000993927   0004962200023116              
00481582054900183985239531007441138   000000000000100000000093850   0003807100023117              
00481582054900183985521970580543828   000000000000050000000766009   0000324500023118              
00481582054900183984147630008991309   000000000000020000054         0001242000023120              
00481582054900183984637818600676504   000000000000005000000059994   0001668600023123              
00481582054900183983567300151345108   000000000000300000000503485   0000331200023124              
00481582054900183984637896610132601   000000000000010000000001692   0003011800023147              
00481582054900183985241084500072907   000000000000010000000824166   0003298900023157              
00481582054900183984682365818161030   000000000000010000000008119   0001747500023168              
00481582054900183985148848904931809   000000000000015000000855085   0001252000023184              
00481582054900183984688143970621487   000000000000015000000004229   0000758800023188              
00481582054900183985560485014004182   000000000000015000000222096   0004966200023192              
00481582054900183985588150006707105   000000000000050000000902784   0003773200023198              
00481582054900183984514450002545307   000000000000005000000059996   0002154100023199              
00481582054900183984636706700083229   000000000000010000000234777   0003973200023200              
00481582054900183985520465501434000   000000000000003000000152345   0003004800023202              
00481582054900183985228315999000059   000000000000700000000106498   0001905100023203              
00481582054900183984392371613000382   000000000000005000000449114   0002996800023204              
00481582054900183984637817907199004   000000000000003000000059997   0004977000023206              
00481582054900183985148691081302851   000000000000010000000766004   0001308600023211              
00481582054900183984003538600061012   000000000000010000000149169   0000689100023212              
00481582054900183984503070049287474   000000000000010000000084443   0002803300023213              
00481582054900183984503070766694340   000000000000010000000084444   0002654100023214              
00481582054900183984695868800272306   000000000000010000000055086   0004984000023215              
00481582054900183985408291001543133   000000000000005000000093864   0001816800023217              
00481582054900183985148848918012208   000000000000010000000055087   0004984300023221              
00481582054900183984563111002616403   000000000000010000000766000   0000151800023223              
00481582054900183984380450192321205   000000000000020000000106151   0000848500023224              
00481582054900183983565623300106002   000000000000005000000001699   0001721700023226              
00481582054900183985520464824091902   000000000000010000000070609   0000615900023227              
00481582054900183985241960004499300   000000000000050000012         0001302400023228              
00481582054900183985520464801130509   000000000000002000000167859   0001938700023229              
00481582054900183984503070007883462   000000000000009000000084445   0004984400023230              
00481582054900183985522350001156535   000000000000030000000269160   0000170100023233              
00481582054900183984029874503357904   000000000000005000000807668   0003918000023234              
00481582054900183984023103402450628   000000000000050000000765996   0002016700023236              
00481582054900183984027526008361904   000000000000010000000058565   0003785200023238              
00481582054900183984695876201519001   000000000000010000000155090   0002887600023239              
00481582054900183984057010000465800   000000000000005000000008220   0001174500023245              
00481582054900183985148848918628300   000000000000010000000255091   0002829200023252              
00481582054900183984023103401693160   000000000000050000000765992   0000764100023255              
00481582054900183984365419944005837   000000000000005000000084446   0003645900023256              
00481582054900183984907071294202103   000000000000010000000319731   0000534700023257              
00481582054900183984365399902309753   000000000000002500000084447   0003157700023258              
00481582054900183984311951804258275   000000000000020000000093874   0003106800023262              
00481582054900183985520000134498203   000000000000010000000797786   0005091600023264              
00481582054900183985468580006043611   000000000000010000000505304   0000722400023266              
00481582054900183984311780185631200   000000000000010000000398855   0001536200023270              
00481582054900183985241060201672476   000000000000008800000765990   0000164400023273              
00481582054900183984579531502027102   000000000000075000000059999   0000522700023278              
00481582054900183985521970200860305   000000000000010000000765989   0000657200023279              
00481582054900183984003590050755304   000000000000050000000097719   0003598400023280              
00481582054900183984311780239958294   000000000000020000000066572   0003814300023287              
00481582054900183985241960008182902   000000000000010000000001702   0001651400023288              
00481582054900183984311780149775507   000000000000001000000193650   0003163300023291              
00481582054900183984311951010356103   000000000000020000000093883   0001567500023292              
00481582054900183984392375817000536   000000000000017000000373162   0002212100023293              
00481582054900183985520464911226403   000000000000010000000519695   0003549300023294              
00481582054900183984365419966549225   000000000000050000000084449   0002490700023296              
00481582054900183984579576904428705   000000000000010000000471696   0000206000023298              
00481582054900183984182301004433102   000000000000010000000093886   0005097700023300              
00481582054900183984182301006637635   000000000000005000000093887   0003419800023302              
00481582054900183984147630021544705   000000000000006000000106164   0005101000023307              
00481582054900183984705380190355020   000000000000002000000980537   0003052900023311              
00481582054900183985520464804118402   000000000000003000000389098   0001348800023313              
00481582054900183984029876504540305   000000000000003000000424342   0005101800023314              
00481582054900183984563130062711409   000000000000010000000447026   0002368100023315              
00481582054900183985148693480050479   000000000000005000000765976   0002860600023317              
00481582054900183985148690400342127   000000000000019000000765974   0001687200023318              
00481582054900183985521975700067194   000000000000015000000765973   0003675400023327              
00481582054900183985521970007632105   000000000000010000000765972   0003019100023330              
00481582054900183984365399914869273   000000000000010000000084451   0000757100023331              
00481582054900183985520009700098701   000000000000005000000926063   0003280700023333              
00481582054900183984688288016884902   000000000000003000000655092   0002693700023335              
00481582054900183985239767218000079   000000000000010000000531162   0003140000023337              
00481582054900183984579577600201909   000000000000010000000743484   0003397100023339              
00481582054900183985433746016063095   000000000000010000000658020   0000981600023340              
00481582054900183984003538601197013   000000000000007000000202576   0002883000023343              
00481582054900183984563198080363701   000000000000010000000093898   0002303000023344              
00481582054900183985520000120126305   000000000000005000000441888   0003153000023354              
00481582054900183985433838200054905   000000000000010000000123764   0000858100023356              
00481582054900183984696560004893701   000000000000015000000001712   0001705100023357              
00481582054900183985147388010011387   000000000000050000000417828   0000821200023358              
00481582054900183983565511001854436   000000000000005000000093900   0002117900023361              
00481582054900183984023103404088806   000000000000100000000765964   0001661300023362              
00481582054900183984311951051104339   000000000000010000000093902   0000943300023364              
00481582054900183984147630007889900   000000000000100000000106170   0003536700023367              
00481582054900183985520000162214613   000000000000005000000017465   0001803300023368              
00481582054900183984311781310191409   000000000000005000000189099   0000194900023369              
00481582054900183984563198580926692   000000000000020000000093904   0004934800023372              
00481582054900183984023103401781205   000000000000005000000765961   0005113000023379              
00481582054900183985148691004917751   000000000000010000000765960   0005113100023381              
00481582054900183985521970200678707   000000000000060000000765958   0002420900023383              
00481582054900183984889760000055159   000000000000020000000166716   0001686900023384              
00481582054900183984695856853589205   000000000000010000000002251   0004907300023389              
00481582054900183985466010000026836   000000000000200000000229690   0003117000023401              
00481582054900183984023100500822013   000000000000010000000765956   0003259000023403              
00481582054900183985408422000314248   000000000000010000000765955   0003330100023404              
00481582054900183985520466505121312   000000000000020000054         0003399600023406              
00481582054900183984311780005171817   000000000000030000000038545   0001456000023408              
00481582054900183984563139420767201   000000000000012000000896197   0001114200023410              
00481582054900183985148729610656304   000000000000005000000001718   0003574400023412              
00481582054900183984514450001846003   000000000000010000000060006   0000627900023414              
00481582054900183985211298801002589   000000000000030000000412759   0003666600023421              
00481582054900183984649619224000287   000000000000010000000725626   0000779300023422              
00481582054900183984311951059053504   000000000000020000000093912   0002534600023423              
00481582054900183984311780175169708   000000000000005000000952687   0000863600023424              
00481582054900183984311780103125103   000000000000010000000998915   0000174500023428              
00481582054900183985466971000591378   000000000000050000000093916   0000618100023433              
00481582054900183984029876403196209   000000000000020000000369692   0003057300023435              
00481582054900183984023103401295826   000000000000010000000765953   0003825400023436              
00481582054900183984311785403032123   000000000000080000000073078   0002145200023442              
00481582054900183984295150011320404   000000000000010000000005464   0004977600023443              
00481582054900183985239531009298130   000000000000100000000093917   0003949500023444              
00481582054900183984870235009876633   000000000000012000000972840   0002347800023445              
00481582054900183985588300020090604   000000000000250000000106569   0002063700023446              
00481582054900183985588300020090612   000000000000250000000106571   0002982900023447              
00481582054900183984284300101943796   000000000000010000000765951   0003680300023448              
00481582054900183984311951050825199   000000000000010000000093920   0001018300023453              
00481582054900183984038508910299072   000000000000100000000417830   0000201200023454              
00481582054900183984563188448030233   000000000000060000000670193   0001708600023456              
00481582054900183984637890003100705   000000000000100000000001722   0000738200023457              
00481582054900183984392375490000167   000000000000020000000672936   0001669400023458              
00481582054900183984636703209956500   000000000000005000000195957   0002314400023459              
00481582054900183985241700000267925   000000000000020000000824700   0003900000023460              
00481582054900183985521970200398652   000000000000010000000765944   0002887900023461              
00481582054900183985520005401678809   000000000000050000000575806   0002876800023463              
00481582054900183984688143971981831   000000000000050000000004236   0003452400023465              
00481582054900183984182301005769843   000000000000050000000093929   0001358000023469              
00481582054900183984023103400529001   000000000000100000000765940   0003612500023470              
00481582054900183985156874098001489   000000000000030000000R98929   0003379500023471              
00481582054900183984311951800244675   000000000000025000000093935   0002825500023472              
00481582054900183984503070781938169   000000000000010000000084458   0003755600023473              
00481582054900183985239763955000158   000000000000023000000633731   0003582300023474              
T00079100016665190020140425102308                                                                 
