00481582054900183984311951000644849   000000000000005000000718199   0001774900003716              
00481582054900183984029876904507904   000000000000005000000246940   0000194900004467              
00481582054900183985433728502431101   000000000000010000000768213   0000500000004632              
00481582054900183984311951012472692   000000000000010000000768237   0001536300004655              
00481582054900183984563191012892889   000000000000010000054         0002131700004903              
00481582054900183984563198006171030   000000000000005000000783697   0002161900005066              
00481582054900183984423555914654912   000000000000010000000098737   0000234900005230              
00481582054900183984311951016724205   000000000000010000000833716   0000003200005246              
00481582054900183985408291002244160   000000000000010000000833724   0001387200005446              
00481582054900183984311951019296623   000000000000010000000833753   0001175200005466              
00481582054900183984563198704214181   000000000000003000000763766   0002087100005507              
00481582054900183984067691797580105   000000000000003500000943859   0002435700005707              
00481582054900183984056503804360103   000000000000010000000734606   0000545500005839              
00481582054900183985148991683286100   000000000000005000000944976   0002482200005895              
00481582054900183984050587800199009   000000000000003000005         0001166500005946              
00481582054900183985433749201331806   000000000000003000000871425   0001034000005963              
00481582054900183983563790000143403   000000000000030000000272620   0000288600006019              
00481582054900183984579520302466800   000000000000010000000019233   0000786500006089              
00481582054900183984311951011534773   000000000000030000000099299   0001235100006214              
00481582054900183984682365047676832   000000000000100000007         0002609300006272              
00481582054900183984038508910753102   000000000000005000000262091   0002050100006327              
00481582054900183984563018505993553   000000000000010000000964788   0002630700006341              
00481582054900183984311951018337477   000000000000003000014         0001830300006361              
00481582054900183984380456723937302   000000000000010000000734609   0000119300006377              
00481582054900183984563018010117235   000000000000005000000914801   0002133600006381              
00481582054900183984579600011583416   000000000000002000000734610   0000871400006400              
00481582054900183984311951020613634   000000000000002000000884829   0001679100006418              
00481582054900183985433721012242589   000000000000005000000914853   0001793400006449              
00481582054900183984514452412688008   000000000000010000000019235   0002531800006510              
00481582054900183984579669355000014   000000000000006000000293413   0000761300006530              
00481582054900183984579669355000014   000000000000006000000262572   0000761300006531              
00481582054900183984311780103125103   000000000000010000000761326   0000174500006606              
00481582054900183984311780160395607   000000000000010000000998825   0002534800006618              
00481582054900183985520000000945204   000000000000010000000504139   0000970600006619              
00481582054900183985409910001619119   000000000000020000000058111   0000791000006641              
00481582054900183985520540600400308   000000000000016890005         0002772500006651              
00481582054900183984311780119772609   000000000000010000000675262   0002509000006657              
00481582054900183984311780101600610   000000000000010000000350025   0001531300006682              
00481582054900183985521179016998909   000000000000020000000002610   0002679300006687              
00481582054900183985289505145000062   000000000000010000000479305   0002640000006698              
00481582054900183985522358800188492   000000000000002000000268933   0001407100006717              
00481582054900183985544322200084309   000000000000005000000212970   0000746700006719              
00481582054900183985222180012041100   000000000000010000000726300   0001994400006723              
00481582054900183985240330028428118   000000000000010000000726274   0000885500006726              
00481582054900183984636703203633105   000000000000002000000232388   0002801000006730              
00481582054900183985240330028428118   000000000000005000000926234   0000885500006731              
00481582054900183985520491007477939   000000000000010000000161413   0001461000006744              
00481582054900183984311780108484307   000000000000005000000234665   0001455000006745              
00481582054900183985123660961546100   000000000000010000000826300   0001663400006747              
00481582054900183984311780136691709   000000000000010000000302886   0001832700006748              
00481582054900183984067701711550108   000000000000020000005         0000836900006765              
00481582054900183984579530208549500   000000000000010000000019238   0000786300006780              
00481582054900183984514450003365200   000000000000004000000019239   0002629100006817              
00481582054900183983565683876000039   000000000000010000000753564   0001153900006838              
00481582054900183985521997970013708   000000000000010000000050320   0000544500006882              
00481582054900183984563188444696805   000000000000003000000451316   0002778200006884              
00481582054900183985520000154692206   000000000000002000000776597   0002415900006902              
00481582054900183985520000154692206   000000000000003000000935542   0002415900006903              
00481582054900183984311780113233400   000000000000030000000531708   0001055200006920              
00481582054900183984058650209247902   000000000000005000000007035   0000768900006927              
00481582054900183984058650209247902   000000000000005000000007036   0000768900006928              
00481582054900183985520491007949077   000000000000010000000076441   0001781500006933              
00481582054900183984392375139000610   000000000000050000000277368   0004005000006942              
00481582054900183984058650004975905   000000000000001000000007037   0002290600006946              
00481582054900183984579522411724103   000000000000010000000019241   0001387000006970              
00481582054900183985521970700899811   000000000000005000000549095   0000829900006981              
00481582054900183985543920147217766   000000000000030000000182215   0002518500006984              
00481582054900183984311789713795304   000000000000050000000217664   0001854200007052              
00481582054900183985457451322915101   000000000000010000000372280   0000908700007073              
00481582054900183984563198701044334   000000000000005000000076454   0002928500007080              
00481582054900183984563198701044334   000000000000005000000076444   0002928500007081              
00481582054900183984563198100809261   000000000000010000000076463   0002061500007083              
00481582054900183985179517304111708   000000000000010000000019242   0002279500007106              
00481582054900183985148691081482471   000000000000005000000549090   0001030800007125              
00481582054900183984311785401834819   000000000000020000000536938   0000229600007142              
00481582054900183984503070047207995   000000000000005000000055309   0000544800007145              
00481582054900183984096792771000006   000000000000060000000490731   0000833600007160              
00481582054900183984311780216820301   000000000000030000000022372   0002025000007177              
00481582054900183984311780117160203   000000000000001500000552397   0002399500007181              
00481582054900183985408059400451301   000000000000002000000372688   0002985200007196              
00481582054900183984563191004400600   000000000000002000000076469   0003002600007212              
00481582054900183984563191004400600   000000000000002000000076467   0003002700007213              
00481582054900183984563191004400600   000000000000002000000076471   0003002800007214              
00481582054900183985239531003091028   000000000000200000005         0001739500007216              
00481582054900183985148691081593061   000000000000010000000549083   0000029700007235              
00481582054900183985543920183051384   000000000000002000000238078   0003015700007240              
00481582054900183985520468906848907   000000000000010000000878133   0001291800007261              
00481582054900183985521170200557700   000000000000001000000941791   0003026100007264              
00481582054900183985457451382031112   000000000000005000000151961   0001286400007273              
00481582054900183985520000124423807   000000000000030000000425213   0000606100007302              
00481582054900183985521970016768908   000000000000010000000549082   0000251000007322              
00481582054900183985520000114732803   000000000000005000000641152   0001101500007333              
00481582054900183984025138910144071   000000000000001000000262098   0002868700007334              
00481582054900183985239531008868743   000000000000010000000076486   0003079600007343              
00481582054900183985239531008868743   000000000000010000000076483   0003079600007344              
00481582054900183983567336506838108   000000000000015000000096935   0000181600007350              
00481582054900183984365419953714667   000000000000025000000055312   0000171100007351              
00481582054900183985140231040967102   000000000000010000005         0003011800007368              
00481582054900183984023100012911460   000000000000001000000549075   0002650400007372              
00481582054900183985148691000216026   000000000000010000000549074   0000280800007402              
00481582054900183984380450798740105   000000000000020000000734636   0000902100007412              
00481582054900183984682365892629084   000000000000020000000098742   0003308100007414              
00481582054900183985239531009574225   000000000000100000000076491   0000832600007416              
00481582054900183985408422200423328   000000000000010000000549072   0001743500007425              
00481582054900183984311780115363809   000000000000001000000332658   0002030500007438              
00481582054900183985520030002120308   000000000000020000000734639   0000617300007440              
00481582054900183984392373144000162   000000000000010000041         0002518900007447              
00481582054900183984579611128350706   000000000000010000000734641   0001438100007449              
00481582054900183984311780174379704   000000000000010000000589663   0003101200007450              
00481582054900183984563186305213900   000000000000005000000939235   0003001800007464              
00481582054900183984563186305213900   000000000000005000000302029   0003001800007465              
00481582054900183984563028600355731   000000000000002500005         0003135300007466              
00481582054900183985239531000028809   000000000000010000000076498   0003142700007475              
00481582054900183985148729608330409   000000000000003000000007046   0003143400007482              
00481582054900183985239763501000181   000000000000020000000074545   0000318400007495              
00481582054900183984579600019048305   000000000000003000000734644   0002911400007496              
00481582054900183984392372545000391   000000000000010000000083841   0000486000007497              
00481582054900183984311780118694903   000000000000010000000072910   0003156200007500              
00481582054900183984639140156619194   000000000000002500000095071   0002854400007523              
00481582054900183984311951019027721   000000000000006000000076505   0003167400007525              
00481582054900183985452788807996907   000000000000010000000R19874   0003177500007526              
00481582054900183985239765940000060   000000000000005000000611403   0000903800007527              
00481582054900183984477570029881677   000000000000003000000062336   0003127700007531              
00481582054900183985408050032952907   000000000000010000000746038   0000322300007538              
00481582054900183984514454903266104   000000000000003000000019248   0002749400007603              
00481582054900183984514450003694401   000000000000010000000019249   0002891300007606              
00481582054900183984639140131513389   000000000000001000000092784   0002723600007633              
00481582054900183984563188445164209   000000000000003000000667581   0001920700007649              
00481582054900183984563018705934985   000000000000001000000076511   0002746100007657              
00481582054900183984311951009614736   000000000000120000014         0000176600007659              
00481582054900183984380450192379203   000000000000005000000734662   0000790900007660              
00481582054900183984682365072105368   000000000000060000000098744   0000709600007671              
00481582054900183984563139403613604   000000000000010000000128823   0002424200007714              
00481582054900183984563186305121608   000000000000006000000823554   0001959800007719              
00481582054900183985148691004651905   000000000000010000000549059   0000243700007745              
00481582054900183985452790070894405   000000000000005000000R19875   0003279400007750              
00481582054900183984311780167344608   000000000000005000005         0001912400007760              
00481582054900183984311789713138109   000000000000010000000951096   0003980100007763              
00481582054900183984311780136862003   000000000000010000000979070   0002027600007769              
00481582054900183984503070010365796   000000000000010000000055317   0001721400007791              
00481582054900183984311951022145734   000000000000005000000076520   0001547500007792              
00481582054900183985521995374000263   000000000000005000000948179   0003303900007811              
00481582054900183984563130045442221   000000000000010000000917581   0001993800007816              
00481582054900183984392379460000405   000000000000005000000615458   0001325900007827              
00481582054900183984563018507527920   000000000000010000005         0001375000007828              
00481582054900183985239531001566500   000000000000020000000076526   0003316200007829              
00481582054900183985179517302596108   000000000000006000014         0001938100007848              
00481582054900183984563198108456321   000000000000005000014         0001584400007863              
00481582054900183984682365854433863   000000000000010000000098745   0003280400007864              
00481582054900183985521997960018709   000000000000005000005         0002162400007867              
00481582054900183985521997960018709   000000000000005000005         0001510800007868              
00481582054900183984025951718608505   000000000000010000041         0001288300007881              
00481582054900183984637890200931704   000000000000005000000007058   0000114700007887              
00481582054900183984563011012146534   000000000000002000000076535   0002216800007889              
00481582054900183984682365852153133   000000000000010000000098746   0003991400007891              
00481582054900183984056503802511509   000000000000020000000734678   0000689500007894              
00481582054900183985148991698869106   000000000000012000000004781   0001414900007896              
00481582054900183984311951043220342   000000000000003000000076538   0000778300007921              
00481582054900183984514450001352804   000000000000020000000019252   0000507600007924              
00481582054900183985520000130755002   000000000000005000000266744   0001628000007928              
00481582054900183984029876906972007   000000000000001000000342573   0003375700007930              
00481582054900183984029876906972007   000000000000001000000025101   0003376800007931              
00481582054900183984029876906972007   000000000000001000000284003   0003376900007932              
00481582054900183984514450001668100   000000000000010000000019253   0001520900007940              
00481582054900183985239769320000237   000000000000003000000071311   0003382400007942              
00481582054900183984365419919224199   000000000000005000000055321   0003382500007943              
00481582054900183984563188446340204   000000000000003000000357544   0003385600007947              
00481582054900183984579691738553501   000000000000002000041         0001646100007952              
00481582054900183985157130000575493   000000000000030000000549040   0001350200007965              
00481582054900183985242310000012500   000000000000005000000077946   0000544800007970              
00481582054900183985409621460539306   000000000000007000041         0001735100007977              
00481582054900183984514453601873807   000000000000010000000019254   0003117200007979              
00481582054900183985241313602196904   000000000000035000000367948   0000830000007987              
00481582054900183984392370122257806   000000000000010000005         0002932900008026              
00481582054900183984688288800962609   000000000000005000000367949   0003425800008041              
00481582054900183985520000150080000   000000000000020000000597110   0003430200008044              
00481582054900183984038508911397966   000000000000010000000262101   0003416400008054              
00481582054900183984392372296000111   000000000000020000000867815   0000051700008058              
00481582054900183985433760017718904   000000000000010000000007066   0001731000008061              
00481582054900183985241080003962305   000000000000010000000276647   0000209100008063              
00481582054900183985239769962000123   000000000000010000000127566   0000027700008066              
00481582054900183984579600020440103   000000000000003000000734687   0003449600008071              
00481582054900183985520000144413101   000000000000020000000660011   0002424100008081              
00481582054900183984311780221705208   000000000000010000000932350   0003163500008082              
00481582054900183985521292033757891   000000000000010000000R19876   0001721600008092              
00481582054900183984579590009761605   000000000000010000000067112   0002386900008093              
00481582054900183984311785402618609   000000000000050000007         0003490900008116              
00481582054900183985147380000092071   000000000000010000000262102   0001156500008129              
00481582054900183984563191801032705   000000000000010000000076564   0002859500008130              
00481582054900183984637817900050006   000000000000005000000019257   0001224400008131              
00481582054900183985242558880009893   000000000000005000000883138   0000646200008137              
00481582054900183984682364085864954   000000000000002000005         0003509600008143              
00481582054900183985520464702307313   000000000000005000000236952   0001609300008149              
00481582054900183984637818005659808   000000000000001000000019258   0003042300008166              
00481582054900183985520030002120308   000000000000020000000734690   0000617300008184              
00481582054900183984503070083929023   000000000000010000000055323   0002550700008188              
00481582054900183984003538600911588   000000000000005000000145564   0003533500008189              
00481582054900183984003538600911588   000000000000002000000121420   0003533600008190              
00481582054900183984003538600911588   000000000000002000000203715   0003533600008191              
00481582054900183984003538600911588   000000000000001000000180080   0003533700008192              
00481582054900183984003538600911588   000000000000001000000174224   0004131800008193              
00481582054900183984003538600911588   000000000000001000000919374   0004131800008194              
00481582054900183984003538600911588   000000000000001000000641532   0003533800008195              
00481582054900183984863751681457103   000000000000030000000010330   0003322300008200              
00481582054900183985520466519227808   000000000000003000000019803   0002410500008203              
00481582054900183985179512402785602   000000000000005000000019263   0003463800008211              
00481582054900183983560710101026805   000000000000010000000135517   0003545800008218              
00481582054900183984311780144182501   000000000000010000000730399   0000867000008222              
00481582054900183985521970500415941   000000000000010000000549020   0001771700008224              
00481582054900183984541850699300402   000000000000005000000867954   0003187700008228              
00481582054900183984392371736000590   000000000000010000000043768   0000676700008230              
00481582054900183984311951803017854   000000000000001000000076586   0003554500008241              
00481582054900183984695856881094301   000000000000030000000023403   0003545900008242              
00481582054900183984741340000072807   000000000000010000000248799   0003560100008255              
00481582054900183984392370799000182   000000000000010000005         0002014800008258              
00481582054900183985241060200382838   000000000000005000041         0003561800008260              
00481582054900183984870238006155175   000000000000009000000526895   0003550500008265              
00481582054900183985408430908041003   000000000000003000005         0001825300008270              
00481582054900183984514453610309009   000000000000025000000019268   0001143500008274              
00481582054900183984365419972234481   000000000000005000000055326   0003085100008278              
00481582054900183984380450104444905   000000000000003000000734697   0002910200008280              
00481582054900183984182301002223471   000000000000010000000076596   0001061800008283              
00481582054900183985521990123840705   000000000000010000000113473   0002469000008287              
00481582054900183984563135100919500   000000000000030000000619344   0002184100008289              
00481582054900183984284300000466956   000000000000120000000549013   0003581900008299              
00481582054900183984637817904367703   000000000000020000000019270   0002932900008302              
00481582054900183984023100012843267   000000000000008500000549011   0000434900008307              
00481582054900183984029875908108404   000000000000060000000991618   0003592800008309              
00481582054900183984503070086839328   000000000000005000000055328   0002343200008311              
00481582054900183985427007391219804   000000000000010000000182069   0001923000008322              
00481582054900183985521179302141503   000000000000010000000247450   0000039400008323              
00481582054900183984423550014374107   000000000000005000000098756   0000433700008331              
00481582054900183985228315663000005   000000000000010000000036527   0001836500008332              
00481582054900183985228315663000005   000000000000010000000300956   0002065400008333              
00481582054900183985228315663000005   000000000000010000000753723   0002706700008334              
00481582054900183985228315663000005   000000000000010000000288306   0002065300008335              
00481582054900183985560485014025658   000000000000020000000241085   0000329400008339              
00481582054900183984563270770021202   000000000000003000000549006   0003608400008347              
00481582054900183984380450195390009   000000000000030000054         0001156100008349              
00481582054900183985521970500568582   000000000000010000000549005   0000464900008350              
00481582054900183984311951003277217   000000000000005000000076611   0001031900008352              
00481582054900183985239531000065769   000000000000020000000076614   0002188000008355              
00481582054900183984682365813802810   000000000000010000000098758   0003614600008359              
00481582054900183985520540201577009   000000000000005000000007077   0003456400008363              
00481582054900183984311951803732213   000000000000020000000076618   0001787700008364              
00481582054900183985148691004072508   000000000000005000005         0003616500008366              
00481582054900183985520491009961443   000000000000002000054         0003625000008367              
00481582054900183984563189203574209   000000000000005000000743731   0003435100008373              
00481582054900183985239768925000329   000000000000006000000096706   0003417600008375              
00481582054900183984311951042911313   000000000000010000000076624   0003252600008376              
00481582054900183984023100580453010   000000000000005000000548999   0002297500008378              
00481582054900183984682363000034644   000000000000020000000098759   0003642500008387              
00481582054900183984637817905089405   000000000000002000000019273   0003642600008388              
00481582054900183985520468700174708   000000000000005000000411864   0002807900008390              
00481582054900183985242558846011652   000000000000020000000794434   0000043100008393              
00481582054900183985521294083957926   000000000000010000000R19878   0002353800008394              
00481582054900183984380451600855305   000000000000003000000734705   0002655700008396              
00481582054900183984380450157541409   000000000000005000000734707   0001006400008402              
00481582054900183985433814600941504   000000000000005000000019274   0001796600008404              
00481582054900183984281410400044064   000000000000002000000142520   0003543500008408              
00481582054900183984003538600009318   000000000000010000000216349   0000136700008410              
00481582054900183984688288801117302   000000000000020000000567957   0001773500008412              
00481582054900183984579611121357807   000000000000012000000734711   0000704000008413              
00481582054900183984637896602028304   000000000000005000000007083   0001905900008414              
00481582054900183985453056660270409   000000000000005000000544007   0001947100008418              
00481582054900183984311951800856403   000000000000005000000076638   0003343800008425              
00481582054900183984311951053500419   000000000000003000043         0003602500008429              
00481582054900183984579610141229202   000000000000010000000734712   0002753800008430              
00481582054900183985148848902737901   000000000000010000000667958   0000429500008432              
00481582054900183984182301009215447   000000000000010000000076644   0003668200008435              
00481582054900183984380450110389102   000000000000010000000734713   0001774400008436              
00481582054900183984023730001160503   000000000000008500000493838   0000342200008445              
00481582054900183984637818001657608   000000000000010000000019277   0003675600008447              
00481582054900183984392377172000200   000000000000002000000058815   0003676300008448              
00481582054900183984067691821768106   000000000000010000000020279   0001311900008453              
00481582054900183985452030001549509   000000000000003000000007087   0003348800008455              
00481582054900183985241150310878807   000000000000005000000007088   0000194900008456              
00481582054900183985520491800557838   000000000000010000000076659   0002217900008462              
00481582054900183984649616598000109   000000000000010000000142099   0003240000008466              
00481582054900183984514452404405007   000000000000005000000019280   0003693500008467              
00481582054900183984063763400004205   000000000000040000000548984   0001876300008468              
00481582054900183984147630022064208   000000000000005000000734715   0002980800008469              
00481582054900183985433749202683304   000000000000003000000142729   0003067200008472              
00481582054900183984563181000737303   000000000000100000000269094   0000111800008473              
00481582054900183984682365841816584   000000000000300000000098763   0002989300008475              
00481582054900183984579660133041107   000000000000010000000809422   0003701700008477              
00481582054900183985520491006341482   000000000000020000000076661   0002256100008480              
00481582054900183985521990012000429   000000000000010000000495716   0000638300008481              
00481582054900183984029876506117102   000000000000010000000000630   0001830200008482              
00481582054900183984579762713182903   000000000000010000000034465   0001429200008485              
00481582054900183985520030304181602   000000000000010000000734718   0002598900008487              
00481582054900183985520030304181602   000000000000010000000734720   0002598900008488              
00481582054900183985156115014009408   000000000000005000000497479   0003711800008490              
00481582054900183984563130064653203   000000000000010000000784546   0003714800008495              
00481582054900183984563191010594172   000000000000002000000076674   0003573600008502              
00481582054900183984311780207412704   000000000000010000000102744   0000324400008504              
00481582054900183985409660209011201   000000000000002000000019284   0003423700008506              
00481582054900183984147630702798703   000000000000010000000734722   0005139600008507              
00481582054900183984311951047659909   000000000000005000014         0003718600008508              
00481582054900183984380451001801304   000000000000100000054         0000069400008510              
00481582054900183984029876904482207   000000000000020000000362716   0002234900008512              
00481582054900183983560676857716503   000000000000005000000036677   0001053300008513              
00481582054900183985242558845028061   000000000000010000000040784   0002721900008514              
00481582054900183983567336500045106   000000000000010000000024620   0003452400008515              
00481582054900183984182301008196119   000000000000030000000076684   0001802700008519              
00481582054900183985428273460492842   000000000000010000000R78337   0000998900008528              
00481582054900183984579570802274402   000000000000010000000366295   0002201900008534              
00481582054900183984182301008874582   000000000000006000000076692   0003556800008537              
00481582054900183984579522900123304   000000000000006000000019287   0001322200008538              
00481582054900183984380450197903304   000000000000001000000734729   0003749800008558              
00481582054900183984503070024660109   000000000000020000000055334   0003189400008560              
00481582054900183983567430053198105   000000000000010000005         0003756700008567              
00481582054900183984380450161302905   000000000000010000000734730   0001346200008570              
00481582054900183984182301007563368   000000000000010000000076699   0001346200008571              
00481582054900183985520541101224601   000000000000020000000007092   0001774200008583              
00481582054900183984182301007271517   000000000000020000000076703   0003591600008596              
00481582054900183984182301002829434   000000000000020000000076704   0000818500008604              
00481582054900183984377218800103363   000000000000010000005         0003333400008605              
00481582054900183984311780007194700   000000000000010000000206877   0003776800008609              
00481582054900183985520004103126605   000000000000020000000375678   0000029300008618              
00481582054900183984311951021382452   000000000000006000000076706   0003777800008619              
00481582054900183985520491009310310   000000000000006000000076707   0000579000008621              
00481582054900183984365419936927329   000000000000010000000055337   0001019600008625              
00481582054900183985241084301878304   000000000000050000000469333   0003564700008632              
00481582054900183985241084301878304   000000000000050000000445486   0003294900008633              
00481582054900183985241084301878304   000000000000050000000446038   0003071500008634              
00481582054900183985241084301878304   000000000000050000000257009   0002850600008635              
00481582054900183985520000128441003   000000000000012000000891570   0000482200008640              
00481582054900183985521974700719276   000000000000100000000548957   0002561800008647              
00481582054900183985148848906918309   000000000000003000000467961   0003009800008649              
00481582054900183985228316319000035   000000000000020000000712829   0001724900008655              
00481582054900183985408050022984605   000000000000010000000998384   0003059200008658              
00481582054900183984392374981000125   000000000000010000000053590   0000237400008659              
00481582054900183984541850699687105   000000000000010000000467962   0002603300008661              
00481582054900183984705380106206770   000000000000003000005         0004872700008663              
00481582054900183984365419998850815   000000000000070000000055339   0000661900008668              
00481582054900183984863751687889119   000000000000002000000028047   0003065400008670              
00481582054900183984056502801175704   000000000000010000000734737   0000093800008671              
00481582054900183985520469401311706   000000000000010000000571170   0002457000008672              
00481582054900183985521970080656047   000000000000040000000548952   0001556300008676              
00481582054900183984025951715741903   000000000000027000041         0001520200008679              
00481582054900183985239761278000186   000000000000010000000324453   0003790900008680              
00481582054900183984365409990391777   000000000000040000000055340   0002670200008681              
00481582054900183984311951803297183   000000000000010000014         0000126000008682              
00481582054900183984029876501171203   000000000000010000000156513   0003463500008683              
00481582054900183984058650213989705   000000000000008500000007096   0002204300008685              
00481582054900183984682365800283693   000000000000020000000098764   0002005500008689              
00481582054900183985520000121741409   000000000000010000000156095   0000800100008694              
00481582054900183984726342900053019   000000000000002000000019294   0002103400008696              
00481582054900183984311951007796477   000000000000020000000076729   0000321500008697              
00481582054900183985520030306282309   000000000000030000000734745   0003011900008699              
00481582054900183985148691005128994   000000000000010000000548943   0003211100008702              
00481582054900183984579675697000026   000000000000010000000754512   0002587900008703              
00481582054900183984182301001442023   000000000000005000043         0002809600008705              
00481582054900183985157130000613914   000000000000010000000548942   0001048700008707              
00481582054900183984514450208982304   000000000000020000000019296   0000597100008708              
00481582054900183985239531009095734   000000000000050000000076741   0002506300008709              
00481582054900183985408053302852203   000000000000010000000840861   0002518300008710              
00481582054900183985241960013064400   000000000000010000005         0002650500008711              
00481582054900183985471728302346031   000000000000010000000123153   0000077200008713              
00481582054900183984311789605952500   000000000000001000000226236   0000921500008714              
00481582054900183985241060001641374   000000000000010000000548936   0002171800008717              
00481582054900183985157130000062245   000000000000006000000548935   0001859600008719              
00481582054900183985520466402902806   000000000000016000000394397   0003604400008722              
00481582054900183985239531004713380   000000000000010000000076749   0003809800008724              
00481582054900183984637817906519608   000000000000010000000019297   0002949000008726              
00481582054900183984380451594973007   000000000000001000005         0003416600008727              
00481582054900183985240330045299104   000000000000060000000506593   0001331500008732              
00481582054900183984003611000307028   000000000000100000000076757   0002230900008735              
00481582054900183984038508910823863   000000000000001000000262116   0002770700008736              
00481582054900183984311951047385257   000000000000002000014         0004016000008738              
00481582054900183984563198103000702   000000000000001000000076762   0003105400008740              
00481582054900183983565800000746820   000000000000025000000548930   0003493200008744              
00481582054900183984392375860000391   000000000000010000000949430   0003814400008754              
00481582054900183985471728300464703   000000000000010000000224334   0000812400008756              
00481582054900183984688288000968307   000000000000005000000067967   0001407000008758              
00481582054900183985239531002828560   000000000000005000000076768   0003718600008762              
00481582054900183984063760000171111   000000000000200000000548925   0002559600008763              
00481582054900183985520464816599805   000000000000100000000588470   0000094000008766              
00481582054900183985520000121327308   000000000000006000000313013   0003820000008767              
00481582054900183984987134500418906   000000000000002000000122119   0002595900008770              
00481582054900183985520000124432501   000000000000020000000579086   0003467800008772              
00481582054900183984637817900203308   000000000000010000000019299   0000679000008773              
00481582054900183985409731271316131   000000000000010000041         0000053300008776              
00481582054900183985228310052000088   000000000000030000000566533   0003824100008777              
00481582054900183984311780238994308   000000000000003000000045688   0000720500008778              
00481582054900183985239531000166963   000000000000010000000076777   0003983900008779              
00481582054900183984477570039144736   000000000000100000000067446   0003824300008780              
00481582054900183984311780231169304   000000000000030000000620685   0000142000008781              
00481582054900183984311780119853508   000000000000005000000261157   0003824400008783              
00481582054900183985520000003179108   000000000000200000000451806   0000139500008785              
00481582054900183985433778907945007   000000000000010000000417325   0002711500008786              
00481582054900183984023100501380029   000000000000008000000548914   0002057800008787              
00481582054900183984907100017157102   000000000000100000000185301   0000055600008788              
00481582054900183984311951000510461   000000000000010000000076782   0003687500008794              
00481582054900183984311951013656079   000000000000010000000076783   0003611400008795              
00481582054900183984365419981100731   000000000000200000000055346   0002114400008796              
00481582054900183984541847745358103   000000000000010000000037819   0002307000008803              
00481582054900183984579600025152109   000000000000005000000734756   0003473800008805              
00481582054900183985520466520118509   000000000000010000000084318   0002539300008808              
00481582054900183984688288705516609   000000000000030000051         0003840500008811              
00481582054900183984311951020801841   000000000000005000000076789   0003844300008815              
00481582054900183984023103700246769   000000000000003000000548911   0001929700008817              
00481582054900183984637890300579601   000000000000010000000007101   0003844400008818              
00481582054900183985521997710045309   000000000000010000000654986   0002950000008821              
00481582054900183984938227586744102   000000000000010000000441286   0002590600008822              
00481582054900183985409456802356709   000000000000020000000533459   0002983100008823              
00481582054900183984147631510754904   000000000000003000000734759   0003812600008824              
00481582054900183984311951042019604   000000000000010000014         0001689000008825              
00481582054900183984563198508271692   000000000000005000000076794   0001316800008827              
00481582054900183985521995728000472   000000000000010000000696061   0002753900008829              
00481582054900183985239531004533416   000000000000050000000076795   0002515900008831              
00481582054900183984688280700099301   000000000000005000000567970   0002924200008834              
00481582054900183983563518101820870   000000000000002000000076797   0003590600008837              
00481582054900183985241060280020811   000000000000050000000548903   0001193500008839              
00481582054900183985241150325451400   000000000000010000000007103   0003856300008840              
00481582054900183984311789600782506   000000000000015000000541594   0001758400008841              
00481582054900183984058650203939702   000000000000005000000007104   0001845300008843              
00481582054900183985433777310855001   000000000000010000000288767   0002578400008844              
00481582054900183984579530502120503   000000000000010000000019304   0000210100008845              
00481582054900183984182301080133998   000000000000010000000076804   0003860000008846              
00481582054900183985241313603365409   000000000000010000000667974   0003309500008847              
00481582054900183984380456743726107   000000000000012000000734766   0003712500008848              
00481582054900183984063760400178393   000000000000020000005         0001497400008849              
00481582054900183984579586653264102   000000000000020000000002066   0003862200008850              
00481582054900183983560900100414306   000000000000005000000098728   0003862400008851              
00481582054900183985520464500403900   000000000000005000000532030   0003863000008852              
00481582054900183984311780119733007   000000000000003000000017332   0001655300008854              
00481582054900183985241060200528174   000000000000010000000548894   0001548300008857              
00481582054900183984311951803386325   000000000000010000000076815   0003865800008858              
00481582054900183984509502170157187   000000000000010000000000324   0002967600008861              
00481582054900183985408422200407388   000000000000010000000548890   0003025800008864              
00481582054900183984682350000023602   000000000000010000000027167   0003874700008869              
00481582054900183984311780239944724   000000000000010000000376220   0003832600008870              
00481582054900183985521994360015203   000000000000010000000621131   0003874800008872              
00481582054900183985522358800029050   000000000000005000000245119   0001091700008873              
00481582054900183984392377362000200   000000000000020000000981562   0003874900008874              
00481582054900183985520009600370614   000000000000005000000286527   0003469100008875              
00481582054900183984311951022967772   000000000000008500000076824   0000582400008876              
00481582054900183985153520000579293   000000000000010000000068322   0001046800008877              
00481582054900183985521292004192466   000000000000003000000R19889   0003876000008878              
00481582054900183984637818005077100   000000000000010000000019307   0000152800008879              
00481582054900183984365399916938233   000000000000003000000055351   0000724400008880              
00481582054900183984688143920705901   000000000000010000000000325   0000116700008884              
00481582054900183984688143920705901   000000000000010000000000326   0003882900008885              
00481582054900183984003538601151697   000000000000002000000101506   0003874300008886              
00481582054900183984182301009064985   000000000000040000000076838   0002198400008888              
00481582054900183985241084300337609   000000000000010000000039096   0000092900008889              
00481582054900183985156115005860405   000000000000020000005         0002050700008892              
00481582054900183984380450190067305   000000000000010000000734774   0002798300008898              
00481582054900183984705380179733015   000000000000002000000350544   0003810400008899              
00481582054900183984987136500585600   000000000000008000000403066   0002490000008900              
00481582054900183984380451598258306   000000000000021000054         0003889600008901              
00481582054900183985148691006300972   000000000000050000000548882   0003424000008902              
00481582054900183984147631600760605   000000000000010000000734780   0003343700008903              
00481582054900183985520464823383409   000000000000003000000277711   0003893300008904              
00481582054900183984392370123778909   000000000000010000000418392   0001277200008905              
00481582054900183985520467600759501   000000000000006000000823917   0001746700008906              
00481582054900183984695850023085004   000000000000007000000057684   0002954900008907              
00481582054900183984182301004996744   000000000000010000000076847   0003631400008909              
00481582054900183985453051123933800   000000000000010000000322193   0002462700008910              
00481582054900183984423555980164903   000000000000010000000098768   0002658100008911              
00481582054900183985520000147617104   000000000000010000000074479   0000542100008912              
00481582054900183984523841211485567   000000000000010000000000328   0002334700008914              
00481582054900183985242630007892103   000000000000010000000258071   0001359400008916              
00481582054900183984503070786809944   000000000000010000000055353   0002436900008918              
00481582054900183984503070705119946   000000000000003000000055354   0003897200008920              
00481582054900183984601996427545102   000000000000005000000986561   0003812900008921              
00481582054900183985148691081770974   000000000000030000000548876   0002210200008923              
00481582054900183984311780130128401   000000000000002000000980022   0001731400008924              
00481582054900183984563130209305016   000000000000010000000073898   0001685700008926              
00481582054900183984311785403031836   000000000000050000000645132   0003848800008927              
00481582054900183984682363000041573   000000000000010000000098769   0002853300008930              
00481582054900183984392370767000099   000000000000020000000899413   0002498300008931              
00481582054900183984682365838893513   000000000000020000000098770   0003236200008932              
00481582054900183985441350008702206   000000000000002000000411463   0001814400008933              
00481582054900183984563181001788503   000000000000020000000088727   0000333700008934              
00481582054900183984182301005400795   000000000000010000000076871   0001318200008936              
00481582054900183984563020071150600   000000000000010000000757400   0000463700008937              
00481582054900183984563186305399204   000000000000020000000601048   0003905800008938              
00481582054900183984563130086040801   000000000000100000000737316   0002476200008939              
00481582054900183984682365868261045   000000000000010000000098771   0002774600008940              
00481582054900183984514450203011406   000000000000030000000019317   0001038200008941              
00481582054900183985588650029131100   000000000000010000000398749   0003907200008942              
00481582054900183985520000108055302   000000000000050000000463603   0003288600008943              
00481582054900183984682365800473195   000000000000015000000098772   0002895600008945              
00481582054900183984579630013803504   000000000000040000000058095   0001311300008948              
00481582054900183984695878500495602   000000000000003000000767978   0002657300008951              
00481582054900183984311780219043802   000000000000004000000980291   0003911200008953              
00481582054900183984311789900432901   000000000000100000000613583   0000905900008955              
00481582054900183985241150325420504   000000000000010000000007115   0002596100008956              
00481582054900183985520468902382810   000000000000010000000602395   0000674700008957              
00481582054900183984637890101462908   000000000000010000000007116   0002591900008958              
00481582054900183985433728503423586   000000000000010000000076902   0000020800008959              
00481582054900183984182301002282550   000000000000005000000076906   0003148000008960              
00481582054900183984311780144850602   000000000000050000000851464   0001911100008963              
00481582054900183985408422200498486   000000000000020000000548862   0000167600008964              
00481582054900183985241060001751751   000000000000050000000548861   0001430200008965              
00481582054900183984038798280231041   000000000000010000000262176   0001943700008967              
00481582054900183984258980013247105   000000000000050000000192256   0002777200008968              
00481582054900183985148691005373525   000000000000010000000548858   0002265700008969              
00481582054900183985222328010040349   000000000000005000000262177   0003435200008971              
00481582054900183984147631699929103   000000000000010000057         0003915800008972              
00481582054900183984182301008432514   000000000000005000000076892   0001440700008973              
00481582054900183985520005800313347   000000000000010000000174616   0003916700008975              
00481582054900183985433777501500606   000000000000005000000633250   0003916800008976              
00481582054900183984147631602132209   000000000000010000000734804   0001045900008977              
00481582054900183983566706605357005   000000000000100000000007118   0000767500008980              
00481582054900183983569694500771602   000000000000100000041         0001377500008981              
00481582054900183985521991250015806   000000000000010000000644411   0000436000008982              
00481582054900183984311951055259923   000000000000010000000076901   0000709200008983              
00481582054900183985520465504769600   000000000000005000000459945   0001053400008984              
00481582054900183984029876505662306   000000000000005000000676886   0002205600008985              
00481582054900183984147630012143301   000000000000005000000734812   0001941700008986              
00481582054900183984284400200318468   000000000000006000000606741   0000000100008987              
00481582054900183985520464905884001   000000000000010000000807340   0001159900008989              
00481582054900183984889760000049285   000000000000020000000804420   0001487400008990              
00481582054900183984380451002276704   000000000000100000000734814   0001716000008991              
00481582054900183985241089400934403   000000000000050000000061458   0001912900008992              
00481582054900183983565538600262208   000000000000030000000229808   0002063000008993              
00481582054900183984258980006697100   000000000000100000000194400   0002153500008994              
00481582054900183985239531001075874   000000000000010000000076915   0002506200008995              
00481582054900183985466960010344209   000000000000030000000548848   0003936900008996              
00481582054900183984563130210378804   000000000000030000000625427   0003926700009000              
00481582054900183984057010001520108   000000000000020000000042019   0001246100009001              
00481582054900183984563181001953404   000000000000010000000592456   0003577700009004              
00481582054900183984639130541990129   000000000000015000000075259   0001793700009005              
00481582054900183984380451596430402   000000000000002000054         0002332500009007              
00481582054900183984726358304887307   000000000000010000000019321   0000203100009008              
00481582054900183984392375488000732   000000000000010000000660507   0003940100009009              
00481582054900183985239766080000266   000000000000003000005         0003624500009010              
00481582054900183984284300101384918   000000000000007000000548844   0002451700009011              
00481582054900183985157160104372406   000000000000010000000326824   0003941000009012              
00481582054900183983565620113380709   000000000000020000000007125   0000307300009014              
00481582054900183985433746005265800   000000000000010000000057686   0003419600009017              
00481582054900183984579673300178107   000000000000010000000213613   0002971200009018              
00481582054900183984311780192487406   000000000000300000000009994   0002485800009020              
00481582054900183984182301008249298   000000000000010000000076928   0000224900009021              
00481582054900183984380450131724709   000000000000010000000734822   0002595700009022              
00481582054900183984503070031743948   000000000000012000000055360   0002969600009023              
00481582054900183984637817905347902   000000000000010000000019323   0001326100009024              
00481582054900183984311789704577802   000000000000010000000175802   0003945200009025              
00481582054900183984682365099136305   000000000000060000000098777   0002087000009026              
00481582054900183984688288800872709   000000000000050000000267983   0000558700009027              
00481582054900183984563189202584605   000000000000010000000744802   0002087200009028              
00481582054900183984563130208571303   000000000000040000000137752   0003275200009029              
00481582054900183984907080013716145   000000000000030000000971662   0000066400009030              
00481582054900183984563198080682217   000000000000010000000076938   0002296600009031              
00481582054900183984579520209406206   000000000000002000000019327   0001730500009032              
00481582054900183985157130000393749   000000000000020000000548830   0003947600009033              
00481582054900183984029876503399802   000000000000010000000751689   0001474000009034              
00481582054900183984023103401789646   000000000000020000000548828   0002460000009035              
00481582054900183985520465513295209   000000000000010000000698770   0003897100009036              
00481582054900183985433811105047605   000000000000010000000019328   0003674400009039              
00481582054900183985428027748569502   000000000000006000000161626   0003215800009040              
00481582054900183984029876506430208   000000000000010000000025551   0001776000009041              
00481582054900183984637818319135701   000000000000005000000019329   0003738800009042              
00481582054900183985520464704136405   000000000000001000000006933   0003954200009045              
00481582054900183984863751723982100   000000000000001000000100941   0003746100009047              
00481582054900183983565580706143700   000000000000010000000734832   0003353500009048              
00481582054900183983565580706143700   000000000000010000000734833   0003353500009049              
00481582054900183985521990122492706   000000000000050000000712049   0001178000009052              
00481582054900183984182301008948279   000000000000005000000076951   0003954900009053              
00481582054900183985433710099890808   000000000000020000000734834   0001456500009054              
00481582054900183985520000157077108   000000000000010000000323788   0001528600009055              
00481582054900183985433810200086500   000000000000005000000019331   0003306300009056              
00481582054900183984023100013436962   000000000000030000005         0000103800009057              
00481582054900183984182301005403211   000000000000035000000076952   0002463300009059              
00481582054900183985242634996800101   000000000000003000000050300   0002768100009060              
00481582054900183984284300100866733   000000000000002000000548812   0003838400009062              
00481582054900183983567536566113108   000000000000003000000102155   0001155600009063              
00481582054900183984503070779267027   000000000000002000000055364   0003744400009064              
00481582054900183984029874503719301   000000000000005000000584607   0002952500009065              
00481582054900183984748320000064676   000000000000060000000548808   0001504400009066              
00481582054900183984311951054673827   000000000000005000000076961   0001040300009067              
00481582054900183985239531005053042   000000000000100000000076963   0001231800009068              
00481582054900183984503070088484834   000000000000001000000055365   0003088400009069              
00481582054900183984563130203776303   000000000000003000000649934   0000022700009070              
00481582054900183984563130209305016   000000000000010000000643379   0001685700009072              
00481582054900183984147631511831107   000000000000010000000734841   0002854300009073              
00481582054900183985433777501402308   000000000000005000000394606   0004936600022974              
00481582054900183984563198513417363   000000000000010000000076971   0003421300022978              
00481582054900183985241060201684257   000000000000010000000548801   0004941100022980              
00481582054900183984385820000777290   000000000000010000000548800   0000122900022981              
00481582054900183984503070756009038   000000000000020000000055366   0002070100022994              
00481582054900183984311789600013001   000000000000020000000167286   0000030200022997              
00481582054900183985521998867000238   000000000000010000005         0003958700023009              
00481582054900183984563180028720606   000000000000010000000993523   0001581000023010              
00481582054900183984182301002794455   000000000000020000000076980   0001149700023013              
00481582054900183984182301001215726   000000000000010000000076981   0000623300023014              
00481582054900183984695856813108203   000000000000002000000014390   0000749800023018              
00481582054900183984579511001236404   000000000000010000041         0003616900023044              
00481582054900183985521970017066609   000000000000050000000548796   0001886400023045              
00481582054900183984503070043766119   000000000000050000000055368   0000823000023046              
00481582054900183985520464811200508   000000000000010000000941143   0003492800023048              
00481582054900183984423555867566600   000000000000005000000098780   0001056000023049              
00481582054900183984284300000862345   000000000000005000000548794   0001963000023050              
00481582054900183985239766524000187   000000000000020000005         0002350700023051              
00481582054900183984023103400469729   000000000000003000000548793   0002734500023053              
00481582054900183984023100700710562   000000000000015000000548791   0003701300023054              
00481582054900183984503010099000389   000000000000008000012         0003228200023055              
00481582054900183985239531003691397   000000000000010000043         0000666300023056              
00481582054900183984705720000177405   000000000000030000000007144   0004951000023057              
00481582054900183984726358308143004   000000000000002000000019341   0001428800023058              
00481582054900183984147202136581046   00000000000010000000003611D   0002719400023059              
00481582054900183985521179301911609   000000000000005000000702336   0004950900023060              
00481582054900183985408942080721541   000000000000020000005         0002075300023070              
00481582054900183985239531005389867   000000000000030000000077000   0000845000023071              
00481582054900183985520541501171709   000000000000015000000007145   0000211600023072              
00481582054900183985239531009283199   000000000000010000000077003   0002117100023073              
00481582054900183984311951059308924   000000000000005000000077006   0002746400023074              
00481582054900183983565800000729552   000000000000100000000548787   0001492500023075              
00481582054900183985433746006457000   000000000000003000000257184   0003725400023076              
00481582054900183984514450001331204   000000000000010000000019343   0001683600023077              
00481582054900183985468580003676611   000000000000100000000284184   0000334100023090              
00481582054900183984311951002396109   000000000000003000000077014   0000785800023109              
00481582054900183985520464808881203   000000000000002000000184237   0004962200023116              
00481582054900183985239531007441138   000000000000100000000077017   0003807100023117              
00481582054900183985521970580543828   000000000000050000000548785   0000324500023118              
00481582054900183984637818600676504   000000000000005000000019345   0001668600023123              
00481582054900183983567300151345108   000000000000300000000068250   0000331200023124              
00481582054900183984637896610132601   000000000000010000000007150   0003011800023147              
00481582054900183985241084500072907   000000000000010000000191363   0003298900023157              
00481582054900183984682365818161030   000000000000010000000098784   0001747500023168              
00481582054900183985148848904931809   000000000000015000000267991   0001252000023184              
00481582054900183984688143970621487   000000000000015000000000336   0000758800023188              
00481582054900183985560485014004182   000000000000015000000334942   0004966200023192              
00481582054900183984514450002545307   000000000000005000000019346   0002154100023199              
00481582054900183984636706700083229   000000000000010000000188838   0003973200023200              
00481582054900183985520465501434000   000000000000003000000927544   0003004800023202              
00481582054900183985228315999000059   000000000000700000000573958   0001905100023203              
00481582054900183984392371613000382   000000000000005000000674347   0002996800023204              
00481582054900183984637817907199004   000000000000003000000019347   0004977000023206              
00481582054900183985148691081302851   000000000000010000000548778   0001308600023211              
00481582054900183984003538600061012   000000000000010000000168894   0000689100023212              
00481582054900183984503070049287474   000000000000010000000055374   0002803300023213              
00481582054900183984503070766694340   000000000000010000000055375   0002654100023214              
00481582054900183984695868800272306   000000000000010000000467992   0004984000023215              
00481582054900183985408291001543133   000000000000005000000077035   0001816800023217              
00481582054900183985148848918012208   000000000000010000000467993   0004984300023221              
00481582054900183984563111002616403   000000000000010000000548774   0000151800023223              
00481582054900183984380450192321205   000000000000020000000734859   0000848500023224              
00481582054900183983565623300106002   000000000000005000000007160   0001721700023226              
00481582054900183985520464824091902   000000000000010000000224373   0000615900023227              
00481582054900183985241960004499300   000000000000050000012         0001302400023228              
00481582054900183985520464801130509   000000000000002000000369443   0001938700023229              
00481582054900183984503070007883462   000000000000009000000055376   0004984400023230              
00481582054900183985522350001156535   000000000000030000000270250   0000170100023233              
00481582054900183984029874503357904   000000000000005000000352938   0003918000023234              
00481582054900183984023103402450628   000000000000050000000548767   0002016700023236              
00481582054900183984027526008361904   000000000000010000000080156   0003785200023238              
00481582054900183984695876201519001   000000000000010000000667994   0002887600023239              
00481582054900183984057010000465800   000000000000005000000057819   0001174500023245              
00481582054900183985148848918628300   000000000000010000000667996   0002829200023252              
00481582054900183984023103401693160   000000000000050000000548761   0000764100023255              
00481582054900183984365419944005837   000000000000005000000055378   0003645900023256              
00481582054900183984907071294202103   000000000000010000000632048   0000534700023257              
00481582054900183984365399902309753   000000000000002500000055379   0003157700023258              
00481582054900183984311951804258275   000000000000020000000077052   0003106800023262              
00481582054900183985520000134498203   000000000000010000000411679   0005091600023264              
00481582054900183985468580006043611   000000000000010000000257464   0000722400023266              
00481582054900183984311780185631200   000000000000010000000420049   0001536200023270              
00481582054900183985241060201672476   000000000000008800000548754   0000164400023273              
00481582054900183984579531502027102   000000000000075000000019352   0000522700023278              
00481582054900183985521970200860305   000000000000010000000548748   0000657200023279              
00481582054900183984003590050755304   000000000000050000000025349   0003598400023280              
00481582054900183984311780239958294   000000000000020000000383245   0003814300023287              
00481582054900183985241960008182902   000000000000010000000007163   0001651400023288              
00481582054900183984311780149775507   000000000000001000000179604   0003163300023291              
00481582054900183984311951010356103   000000000000020000000077067   0001567500023292              
00481582054900183984392375817000536   000000000000017000000697283   0002212100023293              
00481582054900183985520464911226403   000000000000010000000784174   0003549300023294              
00481582054900183984365419966549225   000000000000050000000055381   0002490700023296              
00481582054900183984579576904428705   000000000000010000000300601   0000206000023298              
00481582054900183984182301004433102   000000000000010000000077076   0005097700023300              
00481582054900183984182301006637635   000000000000005000000077077   0003419800023302              
00481582054900183984147630021544705   000000000000006000000734868   0005101000023307              
00481582054900183984705380190355020   000000000000002000000375418   0003052900023311              
00481582054900183984029876504540305   000000000000003000000615853   0005101800023314              
00481582054900183984563130062711409   000000000000010000000302546   0002368100023315              
00481582054900183985148693480050479   000000000000005000000548738   0002860600023317              
00481582054900183985148690400342127   000000000000019000000548736   0001687200023318              
00481582054900183985521975700067194   000000000000015000000548734   0003675400023327              
00481582054900183985521970007632105   000000000000010000000548733   0003019100023330              
00481582054900183984365399914869273   000000000000010000000055385   0000757100023331              
00481582054900183985520009700098701   000000000000005000000201577   0003280700023333              
00481582054900183984688288016884902   000000000000003000000067997   0002693700023335              
00481582054900183985239767218000079   000000000000010000000330227   0003140000023337              
00481582054900183984579577600201909   000000000000010000000547801   0003397100023339              
00481582054900183985433746016063095   000000000000010000000190663   0000981600023340              
00481582054900183984003538601197013   000000000000007000000108782   0002883000023343              
00481582054900183984563198080363701   000000000000010000000077104   0002303000023344              
00481582054900183985520000120126305   000000000000005000000860491   0003153000023354              
00481582054900183985433838200054905   000000000000010000000105783   0000858100023356              
00481582054900183984696560004893701   000000000000015000000007172   0001705100023357              
00481582054900183985147388010011387   000000000000050000000262184   0000821200023358              
00481582054900183983565511001854436   000000000000005000000077109   0002117900023361              
00481582054900183984023103404088806   000000000000100000000548722   0001661300023362              
00481582054900183984311951051104339   000000000000010000000077110   0000943300023364              
00481582054900183984147630007889900   000000000000100000000734876   0003536700023367              
00481582054900183985520000162214613   000000000000005000000989338   0001803300023368              
00481582054900183984311781310191409   000000000000005000000894979   0000194900023369              
00481582054900183984563198580926692   000000000000020000000077114   0004934800023372              
00481582054900183985520466807186609   000000000000035000000808030   0000057600023373              
00481582054900183985588520045911100   000000000000020000000058775   0000033000023375              
00481582054900183985157130000274063   000000000000010000000548721   0000563100023378              
00481582054900183984023103401781205   000000000000005000000548719   0005113000023379              
00481582054900183985406410098025307   000000000000003000000734879   0002449100023380              
00481582054900183985148691004917751   000000000000010000000548718   0005113100023381              
00481582054900183985521970200678707   000000000000060000000548715   0002420900023383              
00481582054900183984889760000055159   000000000000020000000252258   0001686900023384              
00481582054900183984695856853589205   000000000000010000000031976   0004907300023389              
00481582054900183984311780218955204   000000000000020000000374900   0002244100023393              
00481582054900183985466010000026836   000000000000200000000413570   0003117000023401              
00481582054900183984023100500822013   000000000000010000000548714   0003259000023403              
00481582054900183985408422000314248   000000000000010000000548712   0003330100023404              
00481582054900183985520466505121312   000000000000020000054         0003399600023406              
00481582054900183983565710101252604   000000000000008500000053984   0002158700023407              
00481582054900183984311780005171817   000000000000030000000369650   0001456000023408              
00481582054900183984563139420767201   000000000000012000000483048   0001114200023410              
00481582054900183985148729610656304   000000000000005000000007173   0003574400023412              
00481582054900183984311780222752902   000000000000050000000334995   0003079700023413              
00481582054900183984514450001846003   000000000000010000000019356   0000627900023414              
00481582054900183984147630010364909   000000000000020000000734888   0002924900023417              
00481582054900183984311780193403808   000000000000010000000052028   0001896500023418              
00481582054900183985211298801002589   000000000000030000000095261   0003666600023421              
00481582054900183984649619224000287   000000000000010000000778306   0000779300023422              
00481582054900183984311951059053504   000000000000020000000077139   0002534600023423              
00481582054900183984311780175169708   000000000000005000000545375   0000863600023424              
00481582054900183984023100700875134   000000000000010000000548704   0002666000023426              
00481582054900183984311780103125103   000000000000010000000177489   0000174500023428              
00481582054900183985466971000591378   000000000000050000000077143   0000618100023433              
00481582054900183984029876403196209   000000000000020000000335671   0003057300023435              
00481582054900183984023103401295826   000000000000010000000548700   0003825400023436              
00481582054900183984311785403032123   000000000000080000000191782   0002145200023442              
00481582054900183984284300101943796   000000000000010000000548699   0003680300023448              
00481582054900183984147630017994807   000000000000002000000734894   0005123100023449              
00481582054900183984563198701770052   000000000000005000000077152   0005126300023450              
00481582054900183985520464502940602   000000000000036000000154780   0003897000023451              
00481582054900183985520466511010202   000000000000020000000071771   0003007800023452              
00481582054900183984311951050825199   000000000000010000000077157   0001018300023453              
00481582054900183984038508910299072   000000000000100000000262189   0000201200023454              
00481582054900183984563188448030233   000000000000060000000674009   0001708600023456              
00481582054900183984392375490000167   000000000000020000000954871   0001669400023458              
00481582054900183985521970200398652   000000000000010000000548697   0002887900023461              
00481582054900183984477570028324380   000000000000002000000080002   0000976800023462              
00481582054900183984147635303001704   000000000000010000000734899   0003875000023464              
00481582054900183984688143971981831   000000000000050000000000342   0003452400023465              
00481582054900183984682365800642781   000000000000020000000098792   0003920700023466              
00481582054900183984311951800244675   000000000000025000000077162   0002825500023472              
00481582054900183984503070781938169   000000000000010000000055392   0003755600023473              
00481582054900183984649613434000096   000000000000005000000239084   0001976700023475              
00481582054900183984003538601151697   000000000000002000000107543   0003874300023479              
00481582054900183983566180790000145   000000000000002000000983455   0003399300023481              
00481582054900183985520491000258138   000000000000003000000077173   0003136500023482              
00481582054900183984147631605615200   000000000000010000000734903   0003124500023484              
00481582054900183985241150333041300   000000000000010000000007176   0002772500023486              
00481582054900183984696560101265704   000000000000010000000007177   0001030900023492              
00481582054900183984056503805627708   000000000000015000000734904   0001159300023494              
00481582054900183984649610547000310   000000000000007500000169483   0001683500023495              
00481582054900183985241060200447797   000000000000020000000548682   0000230000023498              
00481582054900183984503070769004687   000000000000010000000055393   0001285400023499              
00481582054900183985521996922692403   000000000000010000000165311   0001016300023501              
00481582054900183984284300101475534   000000000000010000000548681   0003951300023502              
00481582054900183984284300103293992   000000000000010000000548679   0003543800023512              
00481582054900183984777878821514603   000000000000010000000038615   0005135300023513              
00481582054900183984147630703144006   000000000000005000000734908   0002458800023514              
00481582054900183985466000000381406   000000000000010000000317813   0003534800023516              
00481582054900183985520005401124507   000000000000010000000667586   0005135600023517              
00481582054900183985228315321000017   000000000000003000000887517   0005135700023518              
00481582054900183984688143971931364   000000000000003000000000343   0001954100023519              
00481582054900183984637818310511702   000000000000010000005         0005114300023522              
00481582054900183984311780001606709   000000000000120000000925031   0000169600023527              
00481582054900183984688143971839104   000000000000010000000000344   0005139200023528              
00481582054900183985521660015188600   000000000000012000000841895   0003269400023529              
00481582054900183984380450703396803   000000000000002000000734913   0002531600023531              
00481582054900183984311780224687304   000000000000020000000576068   0005139700023532              
00481582054900183985520009601709109   000000000000005000000086046   0003580700023534              
00481582054900183985241178390005256   000000000000080000000262193   0000348900023536              
00481582054900183984067460000045607   000000000000010000000085901   0000487700023537              
00481582054900183984579600189197403   000000000000100000000734915   0000040400023538              
T00078100014822190020140526102916                                                                 
