00481582054900183984311951000644849   000000000000005000000099753   0001774900003716              
00481582054900183984029876904507904   000000000000010000000982468   0000194900004467              
00481582054900183985433728502431101   000000000000010000000099756   0000500000004632              
00481582054900183984311951012472692   000000000000010000000099757   0001536300004655              
00481582054900183984563191012892889   000000000000010000000099760   0002131700004903              
00481582054900183984563198006171030   000000000000005000000099762   0002161900005066              
00481582054900183984423555914654912   000000000000010000000060776   0000234900005230              
00481582054900183984311951016724205   000000000000010000000099763   0000003200005246              
00481582054900183985408291002244160   000000000000010000000099765   0001387200005446              
00481582054900183984311951019296623   000000000000010000000099767   0001175200005466              
00481582054900183984563198704214181   000000000000003000000099769   0002087100005507              
00481582054900183984067691797580105   000000000000003500000090941   0002435700005707              
00481582054900183984056503804360103   000000000000010000000540806   0000545500005839              
00481582054900183985148991683286100   000000000000005000000091049   0002482200005895              
00481582054900183984050587800199009   000000000000003000005         0001166500005946              
00481582054900183985433749201331806   000000000000003000000498348   0001034000005963              
00481582054900183983563790000143403   000000000000030000000107057   0000288600006019              
00481582054900183984579520302466800   000000000000010000000063734   0000786500006089              
00481582054900183985289500371000035   000000000000005000005         0001168100006109              
00481582054900183985289500371000035   000000000000005000005         0001168100006110              
00481582054900183984514450304651407   000000000000010000000063735   0000445600006145              
00481582054900183984057590022153104   000000000000017000000847184   0001910800006186              
00481582054900183984311951011534773   000000000000030000000099784   0001235100006214              
00481582054900183985241060000340994   000000000000002000000842576   0002595900006239              
00481582054900183984311951012299673   000000000000010000000099788   0000194300006262              
00481582054900183984682365047676832   000000000000100000007         0002609300006272              
00481582054900183985408056009332403   000000000000001000000777880   0002624700006311              
00481582054900183984038508910753102   000000000000005000000987590   0002050100006327              
00481582054900183984563018505993553   000000000000010000000099793   0002630700006341              
00481582054900183984311951018337477   000000000000003000014         0001830300006361              
00481582054900183984380456723937302   000000000000010000000540810   0000119300006377              
00481582054900183984563018010117235   000000000000005000000099795   0002133600006381              
00481582054900183984579600011583416   000000000000002000000540811   0000871400006400              
00481582054900183984579576904428705   000000000000010000000365669   0000206000006402              
00481582054900183984311951020613634   000000000000002000000099797   0001679100006418              
00481582054900183985433721012242589   000000000000005000000099799   0001793400006449              
00481582054900183985520491800005697   000000000000010000014         0002506400006486              
00481582054900183984514452412688008   000000000000010000000063738   0002531800006510              
00481582054900183984579669355000014   000000000000006000000851964   0000761300006530              
00481582054900183984579669355000014   000000000000006000000538874   0000761300006531              
00481582054900183985409661900205902   000000000000030000000063739   0000057600006574              
00481582054900183984311780103125103   000000000000010000000445263   0000174500006606              
00481582054900183984311780160395607   000000000000010000000616968   0002534800006618              
00481582054900183985520000000945204   000000000000010000000021648   0000970600006619              
00481582054900183985409910001619119   000000000000020000000080463   0000791000006641              
00481582054900183985520540600400308   000000000000016890000003948   0002772500006651              
00481582054900183984311780119772609   000000000000010000000293405   0002509000006657              
00481582054900183984311780101600610   000000000000010000000725828   0001531300006682              
00481582054900183985521179016998909   000000000000020000000350395   0002679300006687              
00481582054900183985289505145000062   000000000000010000000644835   0002640000006698              
00481582054900183985522358800188492   000000000000002000000327986   0001407100006717              
00481582054900183985544322200084309   000000000000005000000132697   0000746700006719              
00481582054900183985222180012041100   000000000000010000000764938   0001994400006723              
00481582054900183985240330028428118   000000000000010000000664000   0000885500006726              
00481582054900183984636703203633105   000000000000002000000327587   0002801000006730              
00481582054900183985240330028428118   000000000000005000000664030   0000885500006731              
00481582054900183985520491007477939   000000000000010000000099817   0001461000006744              
00481582054900183984311780108484307   000000000000005000000896506   0001455000006745              
00481582054900183985123660961546100   000000000000010000000564718   0001663400006747              
00481582054900183984311780136691709   000000000000010000000735219   0001832700006748              
00481582054900183984067701711550108   000000000000020000000098608   0000836900006765              
00481582054900183984579530208549500   000000000000010000000063740   0000786300006780              
00481582054900183984003530000121538   000000000000100000000426840   0000170300006785              
00481582054900183984514450003365200   000000000000004000000063741   0002629100006817              
00481582054900183983565683876000039   000000000000010000000270879   0001153900006838              
00481582054900183985521997970013708   000000000000010000000323118   0000544500006882              
00481582054900183984563188444696805   000000000000003000000729692   0002778200006884              
00481582054900183985520000154692206   000000000000002000000628032   0002415900006902              
00481582054900183985520000154692206   000000000000003000000583127   0002415900006903              
00481582054900183984147630701759706   000000000000010000054         0000208900006908              
00481582054900183984311780113233400   000000000000030000000095900   0001055200006920              
00481582054900183984058650209247902   000000000000005000000003957   0000768900006927              
00481582054900183984058650209247902   000000000000005000000003958   0000768900006928              
00481582054900183985520491007949077   000000000000010000000099828   0001781500006933              
00481582054900183984392375139000610   000000000000050000000423463   0004005000006942              
00481582054900183984058650004975905   000000000000001000000003959   0002290600006946              
00481582054900183984579522411724103   000000000000010000000063746   0001387000006970              
00481582054900183985521970700899811   000000000000005000000842536   0000829900006981              
00481582054900183985543920147217766   000000000000030000000085775   0002518500006984              
00481582054900183983565684544000005   000000000000010000000440105   0000702300007039              
00481582054900183984311789713795304   000000000000050000000563752   0001854200007052              
00481582054900183985457451322915101   000000000000010000000343800   0000908700007073              
00481582054900183984563198701044334   000000000000005000000099834   0002928500007080              
00481582054900183984563198701044334   000000000000005000000099836   0002928500007081              
00481582054900183984563198100809261   000000000000010000000099838   0002061500007083              
00481582054900183984311780204378403   000000000000010000000105422   0001390500007085              
00481582054900183985179517304111708   000000000000010000000063747   0002279500007106              
00481582054900183985148691081482471   000000000000005000000842534   0001030800007125              
00481582054900183984311785401834819   000000000000020000000186658   0000229600007142              
00481582054900183984503070047207995   000000000000005000000010746   0000544800007145              
00481582054900183984096792771000006   000000000000060000000410858   0000833600007160              
00481582054900183984311780216820301   000000000000030000000404096   0002025000007177              
00481582054900183984311780117160203   000000000000001500000723857   0002399500007181              
00481582054900183985408059400451301   000000000000002000005         0002985200007196              
00481582054900183984563191004400600   000000000000002000000099845   0003002600007212              
00481582054900183984563191004400600   000000000000002000000099847   0003002700007213              
00481582054900183984563191004400600   000000000000002000000099848   0003002800007214              
00481582054900183985239531003091028   000000000000200000005         0001739500007216              
00481582054900183985148691081593061   000000000000010000000842526   0000029700007235              
00481582054900183985543920183051384   000000000000002000000682789   0003015700007240              
00481582054900183985521970007632105   000000000000020000000842522   0003019100007250              
00481582054900183985520468906848907   000000000000010000000893533   0001291800007261              
00481582054900183985521170200557700   000000000000001000000123472   0003026100007264              
00481582054900183983567333005546100   000000000000002000000143177   0003399300007265              
00481582054900183984029870007384105   000000000000005000000948168   0002112500007270              
00481582054900183985457451382031112   000000000000005000000990727   0001286400007273              
00481582054900183984563018701063029   000000000000010000000099856   0003035600007293              
00481582054900183985520000124423807   000000000000030000000727106   0000606100007302              
00481582054900183984688143970613674   000000000000010000000004953   0000495700007307              
00481582054900183984392379287000158   000000000000007500000946938   0001683500007311              
00481582054900183985521970016768908   000000000000010000000842514   0000251000007322              
00481582054900183985520000114732803   000000000000005000000158297   0001101500007333              
00481582054900183984025138910144071   000000000000001000000987594   0002868700007334              
00481582054900183985239531008868743   000000000000010000000099863   0003079600007343              
00481582054900183985239531008868743   000000000000010000000099866   0003079600007344              
00481582054900183983567336506838108   000000000000015000000145392   0000181600007350              
00481582054900183984365419953714667   000000000000025000000010747   0000171100007351              
00481582054900183985140231040967102   000000000000010000005         0003011800007368              
00481582054900183984023100012911460   000000000000001000000842504   0002650400007372              
00481582054900183985148691000216026   000000000000010000000842503   0000280800007402              
00481582054900183984380450798740105   000000000000020000000540848   0000902100007412              
00481582054900183984682365892629084   000000000000020000000060784   0003308100007414              
00481582054900183985239531009574225   000000000000100000000099874   0000832600007416              
00481582054900183985408422200423328   000000000000010000000842498   0001743500007425              
00481582054900183984311780115363809   000000000000001000000578952   0002030500007438              
00481582054900183985520030002120308   000000000000020000000540854   0000617300007440              
00481582054900183984682365804897183   000000000001000000000060785   0001713800007441              
00481582054900183984682365804897183   000000000000120000000060786   0001713800007442              
00481582054900183984392373144000162   000000000000010000000675272   0002518900007447              
00481582054900183984579611128350706   000000000000010000000540857   0001438100007449              
00481582054900183984311780174379704   000000000000010000000356271   0003101200007450              
00481582054900183984563186305213900   000000000000005000000298144   0003001800007464              
00481582054900183984563186305213900   000000000000005000000864787   0003001800007465              
00481582054900183984563028600355731   000000000000002500005         0003135300007466              
00481582054900183985239531000028809   000000000000010000000099889   0003142700007475              
00481582054900183985148729608330409   000000000000003000000003974   0003143400007482              
00481582054900183985239763501000181   000000000000020000000980280   0000318400007495              
00481582054900183984579600019048305   000000000000003000000540863   0002911400007496              
00481582054900183984392372545000391   000000000000010000000798247   0000486000007497              
00481582054900183984311780118694903   000000000000010000000756124   0003156200007500              
00481582054900183984639140156619194   000000000000002500000069779   0002854400007523              
00481582054900183984311951019027721   000000000000006000000099897   0003167400007525              
00481582054900183985452788807996907   000000000000010000000R77324   0003177500007526              
00481582054900183985239765940000060   000000000000005000000923887   0000903800007527              
00481582054900183984477570029881677   000000000000003000000952456   0003127700007531              
00481582054900183985408050032952907   000000000000010000000264470   0000322300007538              
00481582054900183984514454903266104   000000000000003000000063757   0002749400007603              
00481582054900183984514450003694401   000000000000010000000063758   0002891300007606              
00481582054900183984639140131513389   000000000000001000000033454   0002723600007633              
00481582054900183984147630007384001   000000000000030000054         0002234200007641              
00481582054900183984563188445164209   000000000000003000000814800   0001920700007649              
00481582054900183984563018705934985   000000000000001000000099903   0002746100007657              
00481582054900183984311951009614736   000000000000120000014         0000176600007659              
00481582054900183984380450192379203   000000000000005000000540872   0000790900007660              
00481582054900183984682365072105368   000000000000060000000060787   0000709600007671              
00481582054900183984311951002378578   000000000000020000000099909   0002966500007677              
00481582054900183985148691081689117   000000000000020000000842480   0001430000007689              
00481582054900183985521998500016401   000000000000010000000849978   0000117200007705              
00481582054900183984563139403613604   000000000000010000000197636   0002424200007714              
00481582054900183984563186305121608   000000000000006000000669276   0001959800007719              
00481582054900183985148691004651905   000000000000010000000842478   0000243700007745              
00481582054900183985452790070894405   000000000000005000000R77325   0003279400007750              
00481582054900183984311780167344608   000000000000005000005         0001912400007760              
00481582054900183984311789713138109   000000000000010000000344215   0003980100007763              
00481582054900183984311780136862003   000000000000010000000136265   0002027600007769              
00481582054900183984503070010365796   000000000000010000000010753   0001721400007791              
00481582054900183984311951022145734   000000000000005000000099920   0001547500007792              
00481582054900183985521995374000263   000000000000005000000725677   0003303900007811              
00481582054900183984563130045442221   000000000000010000000978555   0001993800007816              
00481582054900183984392379460000405   000000000000005000000364065   0001325900007827              
00481582054900183984563018507527920   000000000000010000005         0001375000007828              
00481582054900183985239531001566500   000000000000020000000099929   0003316200007829              
00481582054900183985179517302596108   000000000000006000014         0001938100007848              
00481582054900183984563198108456321   000000000000005000014         0001584400007863              
00481582054900183984682365854433863   000000000000010000000060790   0003280400007864              
00481582054900183985521997960018709   000000000000005000000606899   0002162400007867              
00481582054900183985521997960018709   000000000000005000000275109   0001510800007868              
00481582054900183984025951729325008   000000000000010000000493052   0001536200007871              
00481582054900183984025951718608505   000000000000010000000168873   0001288300007881              
00481582054900183984637890200931704   000000000000005000000003982   0000114700007887              
00481582054900183984563011012146534   000000000000002000000099939   0002216800007889              
00481582054900183984682365852153133   000000000000010000000060791   0003991400007891              
00481582054900183984056503802511509   000000000000020000000540886   0000689500007894              
00481582054900183985148991698869106   000000000000012000000154153   0001414900007896              
00481582054900183984392378356000123   000000000000036000000176205   0002755700007909              
00481582054900183984311951043220342   000000000000003000000099942   0000778300007921              
00481582054900183984514450001352804   000000000000020000000063764   0000507600007924              
00481582054900183985520000130755002   000000000000005000000629924   0001628000007928              
00481582054900183984029876906972007   000000000000001000000751945   0003375700007930              
00481582054900183984029876906972007   000000000000001000000763526   0003376800007931              
00481582054900183984029876906972007   000000000000001000000433715   0003376900007932              
00481582054900183984514450001668100   000000000000010000000063766   0001520900007940              
00481582054900183985239769320000237   000000000000003000000392340   0003382400007942              
00481582054900183984365419919224199   000000000000005000000010755   0003382500007943              
00481582054900183984563188446340204   000000000000003000000903902   0003385600007947              
00481582054900183984579691738553501   000000000000002000000950480   0001646100007952              
00481582054900183985157130000575493   000000000000030000000842460   0001350200007965              
00481582054900183985242310000012500   000000000000005000000139326   0000544800007970              
00481582054900183985409621460539306   000000000000007000041         0001735100007977              
00481582054900183984514453601873807   000000000000010000000063768   0003117200007979              
00481582054900183985239761833000010   000000000000035000005         0000830000007986              
00481582054900183985241313602196904   000000000000035000000536944   0000830000007987              
00481582054900183984392370122257806   000000000000010000005         0002932900008026              
00481582054900183984688288800962609   000000000000005000000536945   0003425800008041              
00481582054900183985520000150080000   000000000000020000000065064   0003430200008044              
00481582054900183984038508911397966   000000000000010000000987598   0003416400008054              
00481582054900183984392372296000111   000000000000020000000710866   0000051700008058              
00481582054900183985433760017718904   000000000000010000000003984   0001731000008061              
00481582054900183985241080003962305   000000000000010000000344956   0000209100008063              
00481582054900183985239769962000123   000000000000010000000328478   0000027700008066              
00481582054900183984579600020440103   000000000000003000000540896   0003449600008071              
00481582054900183985520000144413101   000000000000020000000368876   0002424100008081              
00481582054900183984311780221705208   000000000000010000000016839   0003163500008082              
00481582054900183985521292033757891   000000000000010000000R77326   0001721600008092              
00481582054900183984579590009761605   000000000000010000000056487   0002386900008093              
00481582054900183984311951803374495   000000000000015000014         0000943300008098              
00481582054900183984380456797622400   000000000000100000000540897   0002878800008112              
00481582054900183984311785402618609   000000000000050000000202324   0003490900008116              
00481582054900183985147380000092071   000000000000010000000987599   0001156500008129              
00481582054900183984563191801032705   000000000000010000000099979   0002859500008130              
00481582054900183984637817900050006   000000000000005000000063774   0001224400008131              
00481582054900183984688589901775000   000000000000010000000736947   0002312200008133              
00481582054900183984688589901775000   000000000000010000000736948   0002312200008134              
00481582054900183985242558880009893   000000000000005000000612785   0000646200008137              
00481582054900183984311782300469201   000000000000012000005         0000146700008141              
00481582054900183984682364085864954   000000000000002000005         0003509600008143              
00481582054900183985520464702307313   000000000000005000000882256   0001609300008149              
00481582054900183984392371095000280   000000000000005000000055805   0000494400008162              
00481582054900183985148848918628300   000000000000010000000836950   0002829200008165              
00481582054900183984637818005659808   000000000000001000000063775   0003042300008166              
00481582054900183985433820010658703   000000000000003000000540907   0003313900008174              
00481582054900183985520030002120308   000000000000020000000540908   0000617300008184              
00481582054900183984503070083929023   000000000000010000000010758   0002550700008188              
00481582054900183984003538600911588   000000000000005000000139762   0003533500008189              
00481582054900183984003538600911588   000000000000002000000105096   0003533600008190              
00481582054900183984003538600911588   000000000000002000000105528   0003533600008191              
00481582054900183984003538600911588   000000000000001000000144109   0003533700008192              
00481582054900183984003538600911588   000000000000001000000866338   0002008500008193              
00481582054900183984003538600911588   000000000000001000000173692   0002008500008194              
00481582054900183984003538600911588   000000000000001000000605556   0003533800008195              
00481582054900183985520466519227808   000000000000003000000372894   0002410500008203              
00481582054900183984057010000465800   000000000000005000000014479   0001174500008204              
00481582054900183985179512402785602   000000000000005000000063776   0003463800008211              
00481582054900183983560710101026805   000000000000010000000095303   0003545800008218              
00481582054900183984311780144182501   000000000000010000000515526   0000867000008222              
00481582054900183985521970500415941   000000000000010000000842436   0001771700008224              
00481582054900183984541850699300402   000000000000005000000036952   0003187700008228              
00481582054900183984392371736000590   000000000000010000000561887   0000676700008230              
00481582054900183984311951803017854   000000000000001000000099998   0003554500008241              
00481582054900183984695856881094301   000000000000030000000078027   0003545900008242              
00481582054900183984579600195359807   000000000000030000005         0001232300008250              
00481582054900183984741340000072807   000000000000010000000331501   0003560100008255              
00481582054900183984392370799000182   000000000000010000005         0002014800008258              
00481582054900183985241060200382838   000000000000005000000842427   0003561800008260              
00481582054900183984870238006155175   000000000000009000000451916   0003550500008265              
00481582054900183985408430908041003   000000000000003000005         0001825300008270              
00481582054900183984514453610309009   000000000000025000000063778   0001143500008274              
00481582054900183984365419972234481   000000000000005000000010761   0003085100008278              
00481582054900183984380450104444905   000000000000003000000540922   0002910200008280              
00481582054900183984182301002223471   000000000000010000000000011   0001061800008283              
00481582054900183985521990123840705   000000000000010000000812498   0002469000008287              
00481582054900183984563135100919500   000000000000030000000477169   0002184100008289              
00481582054900183985239531006109280   000000000000010000054         0001601700008295              
00481582054900183984637817904367703   000000000000020000000063780   0002932900008302              
00481582054900183984023100012843267   000000000000008500000842421   0000434900008307              
00481582054900183984023100700875134   000000000000012000000842420   0002666000008310              
00481582054900183984503070086839328   000000000000005000000010762   0002343200008311              
00481582054900183985427007391219804   000000000000010000000386574   0001923000008322              
00481582054900183984423550014374107   000000000000005000000060797   0000433700008331              
00481582054900183985228315663000005   000000000000010000000343761   0001836500008332              
00481582054900183985228315663000005   000000000000010000000303598   0002065400008333              
00481582054900183985228315663000005   000000000000010000000250809   0002706700008334              
00481582054900183985228315663000005   000000000000010000000890154   0002065300008335              
00481582054900183984311780009566103   000000000000050000000236994   0002522700008336              
00481582054900183985560485014025658   000000000000020000000269263   0000329400008339              
00481582054900183985468580002437494   000000000000010000000272152   0000722400008341              
00481582054900183984563270770021202   000000000000003000000842410   0003608400008347              
00481582054900183984380450195390009   000000000000030000000540929   0001156100008349              
00481582054900183985521970500568582   000000000000010000000842409   0000464900008350              
00481582054900183984311951003277217   000000000000005000000000027   0001031900008352              
00481582054900183985239531000065769   000000000000020000000000029   0002188000008355              
00481582054900183984682365813802810   000000000000010000000060799   0003614600008359              
00481582054900183985520540201577009   000000000000005000000003995   0003456400008363              
00481582054900183984311951803732213   000000000000020000000000031   0001787700008364              
00481582054900183985148691004072508   000000000000005000000842403   0003616500008366              
00481582054900183985520491009961443   000000000000002000005         0003625000008367              
00481582054900183984311780001606709   000000000000010000000429970   0000169600008368              
00481582054900183984311780001606709   000000000000120000000161972   0000169600008369              
00481582054900183984563189203574209   000000000000005000000061284   0003435100008373              
00481582054900183985239768925000329   000000000000006000000972749   0003417600008375              
00481582054900183984311951042911313   000000000000010000000000038   0003252600008376              
00481582054900183984023100580453010   000000000000005000000842400   0002297500008378              
00481582054900183984682363000034644   000000000000020000000060800   0003642500008387              
00481582054900183984637817905089405   000000000000002000000063782   0003642600008388              
00481582054900183985520468700174708   000000000000005000000293534   0002807900008390              
00481582054900183985242558846011652   000000000000020000000536760   0000043100008393              
00481582054900183985521294083957926   000000000000010000000R77330   0002353800008394              
00481582054900183984380451600855305   000000000000003000000540934   0002655700008396              
00481582054900183984380450157541409   000000000000005000000540935   0001006400008402              
00481582054900183985433814600941504   000000000000005000000063784   0001796600008404              
00481582054900183984281410400044064   000000000000002000000136809   0003543500008408              
00481582054900183984003538600009318   000000000000010000000169998   0000136700008410              
00481582054900183984688288801117302   000000000000020000000836958   0001773500008412              
00481582054900183984579611121357807   000000000000012000000540941   0000704000008413              
00481582054900183984637896602028304   000000000000005000000004000   0001905900008414              
00481582054900183985453056660270409   000000000000005000000972631   0001947100008418              
00481582054900183984311951800856403   000000000000005000000000051   0003343800008425              
00481582054900183984311951053500419   000000000000003000043         0003602500008429              
00481582054900183984579610141229202   000000000000010000000540944   0002753800008430              
00481582054900183985148848902737901   000000000000010000000836959   0000429500008432              
00481582054900183984182301009215447   000000000000010000000000059   0003668200008435              
00481582054900183984380450110389102   000000000000010000000540946   0001774400008436              
00481582054900183984023730001160503   000000000000008500000363929   0000342200008445              
00481582054900183984637818001657608   000000000000010000000063786   0003675600008447              
00481582054900183984392377172000200   000000000000002000000855513   0003676300008448              
00481582054900183984067691821768106   000000000000010000000173860   0001311900008453              
00481582054900183985452030001549509   000000000000003000000004004   0003348800008455              
00481582054900183985241150310878807   000000000000010000000004005   0000194900008456              
00481582054900183985520491800557838   000000000000010000000000067   0002217900008462              
00481582054900183984649616598000109   000000000000010000000199649   0003240000008466              
00481582054900183984514452404405007   000000000000005000000063787   0003693500008467              
00481582054900183984063763400004205   000000000000040000000842378   0001876300008468              
00481582054900183984147630022064208   000000000000005000000540950   0002980800008469              
00481582054900183985433749202683304   000000000000003000000225067   0003067200008472              
00481582054900183984563181000737303   000000000000100000000607177   0000111800008473              
00481582054900183984682365841816584   000000000000300000000060806   0002989300008475              
00481582054900183984579660133041107   000000000000010000000736918   0003701700008477              
00481582054900183985520491006341482   000000000000020000000000077   0002256100008480              
00481582054900183985521990012000429   000000000000010000000044945   0000638300008481              
00481582054900183984029876506117102   000000000000010000000149821   0001830200008482              
00481582054900183984579762713182903   000000000000010000000089064   0001429200008485              
00481582054900183985520030304181602   000000000000010000000540955   0002598900008487              
00481582054900183985520030304181602   000000000000010000000540957   0002598900008488              
00481582054900183985156115014009408   000000000000005000000918690   0003711800008490              
00481582054900183984563130064653203   000000000000010000000438516   0003714800008495              
00481582054900183985222183024192101   000000000000010000000051413   0000757100008498              
00481582054900183984563191010594172   000000000000002000000000087   0003573600008502              
00481582054900183984311780207412704   000000000000010000000036116   0000324400008504              
00481582054900183985409660209011201   000000000000002000000063788   0003423700008506              
00481582054900183984147630702798703   000000000000010000000540960   0004982200008507              
00481582054900183984311951047659909   000000000000005000014         0003718600008508              
00481582054900183984380451001801304   000000000000100000054         0000069400008510              
00481582054900183984029876904482207   000000000000020000000732580   0002234900008512              
00481582054900183983560676857716503   000000000000005000000191272   0001053300008513              
00481582054900183985242558845028061   000000000000010000000610104   0002721900008514              
00481582054900183983567336500045106   000000000000010000000177206   0003452400008515              
00481582054900183984182301008196119   000000000000030000000000091   0001802700008519              
00481582054900183985428273460492842   000000000000010000000R54693   0000998900008528              
00481582054900183984579570802274402   000000000000010000000181469   0002201900008534              
00481582054900183984182301008874582   000000000000006000000000094   0003556800008537              
00481582054900183984579522900123304   000000000000006000000063791   0001322200008538              
00481582054900183984038508910545839   000000000000100000000987609   0000687500008541              
00481582054900183985433746007409000   000000000000001000000448997   0003742700008549              
00481582054900183984311951043732775   000000000000010000014         0001018300008551              
00481582054900183985222328280105111   000000000000080000000987610   0000348900008555              
00481582054900183984380450197903304   000000000000001000000540976   0003749800008558              
00481582054900183984503070024660109   000000000000020000000010769   0003189400008560              
00481582054900183983567430053198105   000000000000010000000898340   0003756700008567              
00481582054900183985241089400599503   000000000000010000000973082   0003466200008569              
00481582054900183984380450161302905   000000000000010000000540978   0001346300008570              
00481582054900183984182301007563368   000000000000010000000000107   0001346300008571              
00481582054900183984147630008054108   000000000000100000054         0003338500008575              
00481582054900183984147631501031304   000000000000120000000540980   0001604000008580              
00481582054900183985520541101224601   000000000000020000000004018   0001774200008583              
00481582054900183984380450145660212   000000000000120000000540981   0001570100008590              
00481582054900183985185420001460704   000000000000250000000976629   0000837600008595              
00481582054900183984182301007271517   000000000000020000000000115   0003591600008596              
00481582054900183984182301008533451   000000000000100000000000116   0000982100008600              
00481582054900183985179517305843507   000000000000100000000063797   0003544200008601              
00481582054900183984182301002829434   000000000000020000000000118   0000818500008604              
00481582054900183984377218800103363   000000000000010000000030048   0003333400008605              
00481582054900183984311780160810001   000000000000005000000124976   0001725300008607              
00481582054900183984311780007194700   000000000000010000000026067   0003776800008609              
00481582054900183985239531005910100   000000000000005000000000124   0001883100008611              
00481582054900183985521995020017901   000000000000010000000314932   0002595800008615              
00481582054900183985520004103126605   000000000000020000000581319   0000029300008618              
00481582054900183985520491009310310   000000000000006000000000125   0000579000008621              
00481582054900183984311951013375951   000000000000030000014         0001048600008622              
00481582054900183984365419936927329   000000000000010000000010772   0001019600008625              
00481582054900183984311785400864205   000000000000040000041         0002145200008630              
00481582054900183985241084301878304   000000000000050000000369114   0003564700008632              
00481582054900183985241084301878304   000000000000050000000424145   0003294900008633              
00481582054900183985241084301878304   000000000000050000000392341   0003071500008634              
00481582054900183985241084301878304   000000000000050000000983757   0002850600008635              
00481582054900183985520000128441003   000000000000012000000707330   0000482200008640              
00481582054900183985521974700719276   000000000000100000000842337   0002561800008647              
00481582054900183984477570034763613   000000000000003000000953176   0002788300008648              
00481582054900183985148848906918309   000000000000003000000836972   0003009800008649              
00481582054900183984038508950022087   000000000000010000000987612   0001072100008652              
00481582054900183984563028900313653   000000000000010000000115828   0002105200008654              
00481582054900183985228316319000035   000000000000020000000972726   0001724900008655              
00481582054900183985408050022984605   000000000000010000000935178   0003059200008658              
00481582054900183984392374981000125   000000000000010000000653468   0000237400008659              
00481582054900183983565710101252604   000000000000008500000092370   0002158700008660              
00481582054900183984541850699687105   000000000000010000000936974   0002603300008661              
00481582054900183984705380106206770   000000000000003000005         0004872700008663              
00481582054900183985520000154549000   000000000000020000000093455   0001793900008665              
00481582054900183984695876201519001   000000000000030000000036975   0002887600008666              
00481582054900183984365419998850815   000000000000070000000010774   0000661900008668              
00481582054900183984863751687889119   000000000000002000000185973   0003065400008670              
00481582054900183984056502801175704   000000000000010000000541003   0000093800008671              
00481582054900183985520469401311706   000000000000010000000092166   0002457000008672              
00481582054900183984311951801964073   000000000000020000014         0003995100008673              
00481582054900183984311951045504370   000000000000001000000000144   0002482300008675              
00481582054900183985521970080656047   000000000000040000000842324   0001556300008676              
00481582054900183985427007233287506   000000000000020000000488980   0000230000008677              
00481582054900183985239761278000186   000000000000010000000216149   0003790900008680              
00481582054900183984365409990391777   000000000000040000000010775   0002670200008681              
00481582054900183984311951803297183   000000000000010000014         0000126000008682              
00481582054900183984029876501171203   000000000000010000000217779   0003463500008683              
00481582054900183984365399902309753   000000000000003000000010776   0003157700008684              
00481582054900183984058650213989705   000000000000008500000004027   0002204300008685              
00481582054900183984311780234920901   000000000000010000000571419   0002986800008687              
00481582054900183984682365800283693   000000000000020000000060812   0002005500008689              
00481582054900183984579500021643004   000000000000010000091         0002244900008691              
00481582054900183985520000121741409   000000000000010000000372420   0000800100008694              
00481582054900183984726342900053019   000000000000002000000063805   0002103400008696              
00481582054900183984311951007796477   000000000000020000000000155   0000321500008697              
00481582054900183985520030306282309   000000000000030000000541011   0003011900008699              
00481582054900183985520000120126305   000000000000005000000114635   0003153000008701              
00481582054900183985148691005128994   000000000000010000000842313   0003211100008702              
00481582054900183984579675697000026   000000000000010000000027189   0002587900008703              
00481582054900183984182301001442023   000000000000005000043         0002809600008705              
00481582054900183984311780222712906   000000000000003000000377670   0003299200008706              
00481582054900183985157130000613914   000000000000010000000842308   0001048700008707              
00481582054900183984514450208982304   000000000000020000000063808   0000597100008708              
00481582054900183985239531009095734   000000000000050000000000164   0002506300008709              
00481582054900183985408053302852203   000000000000010000000075004   0002518300008710              
00481582054900183985241960013064400   000000000000010000005         0002650500008711              
00481582054900183984579531502027102   000000000000075000000063809   0000522700008712              
00481582054900183985471728302346031   000000000000010000000884403   0000077200008713              
00481582054900183984311789605952500   000000000000001000000797514   0000921500008714              
00481582054900183984311951010356103   000000000000020000000000169   0001567500008715              
00481582054900183985241060001641374   000000000000010000000842301   0002171800008717              
00481582054900183985157130000062245   000000000000006000000842298   0001859600008719              
00481582054900183985520466402902806   000000000000016000000450235   0003604400008722              
00481582054900183984029876403196209   000000000000030000000511079   0003057300008723              
00481582054900183985239531004713380   000000000000010000000000174   0003809800008724              
00481582054900183984637817906519608   000000000000010000000063811   0002949000008726              
00481582054900183984380451594973007   000000000000001000005         0003416600008727              
00481582054900183984477570028324380   000000000000002000000953368   0000976800008729              
00481582054900183985240330045299104   000000000000060000000611983   0001331500008732              
00481582054900183984311780140998504   000000000000010000000964737   0001709900008733              
00481582054900183984003611000307028   000000000000100000000000181   0002230900008735              
00481582054900183984038508910823863   000000000000001000000987619   0002770700008736              
00481582054900183984311951047385257   000000000000002000014         0004016000008738              
00481582054900183984563198103000702   000000000000001000000000183   0003105400008740              
00481582054900183984311780239958294   000000000000030000005         0003814300008752              
00481582054900183984649611362000039   000000000000010000005         0000237100008753              
00481582054900183984392375860000391   000000000000010000000916124   0003814400008754              
00481582054900183985521295803275374   000000000000050000000R77334   0003814600008755              
00481582054900183985471728300464703   000000000000010000000386181   0000812400008756              
00481582054900183984311780218955204   000000000000010000000278363   0002244100008757              
00481582054900183984688288000968307   000000000000005000000736985   0001407000008758              
00481582054900183984563130211165002   000000000000001000000791873   0003767300008759              
00481582054900183984574110017781605   000000000000010000000071011   0000873800008760              
00481582054900183985520030030463407   000000000000010000000541041   0000075300008761              
00481582054900183985239531002828560   000000000000005000000000192   0003718600008762              
00481582054900183984063760000171111   000000000000200000000842281   0002559600008763              
00481582054900183985520464816599805   000000000000100000000875421   0000094000008766              
00481582054900183985520000121327308   000000000000006000000731043   0003820000008767              
00481582054900183985239531080107705   000000000000007000000000195   0001767400008768              
00481582054900183984987134500418906   000000000000002000000697855   0002595900008770              
00481582054900183985228310759000019   000000000001800000000069570   0001464400008771              
00481582054900183985520000124432501   000000000000020000000900893   0003467800008772              
00481582054900183984637817900203308   000000000000010000000063814   0000679000008773              
00481582054900183985409731271316131   000000000000010000041         0000053300008776              
00481582054900183984311780238994308   000000000000003000000532856   0000720500008778              
00481582054900183985239531000166963   000000000000010000000000207   0003983900008779              
00481582054900183984311780231169304   000000000000030000000292457   0000142000008781              
00481582054900183984311780119853508   000000000000005000000709835   0003824400008783              
00481582054900183984311951017126533   000000000000020000000000210   0001019300008784              
00481582054900183985520000003179108   000000000000200000000124157   0000139500008785              
00481582054900183985433778907945007   000000000000010000000317958   0002711500008786              
00481582054900183984023100501380029   000000000000008000000842265   0002057800008787              
00481582054900183985520030016984004   000000000000003000000541049   0002449100008790              
00481582054900183985239531008902971   000000000000050000000000214   0001285400008791              
00481582054900183985588520045911100   000000000000010000000028801   0000033000008792              
00481582054900183984311951000510461   000000000000010000000000216   0003687500008794              
00481582054900183984311951013656079   000000000000010000000000218   0003611400008795              
00481582054900183984365419981100731   000000000000200000000010788   0002114400008796              
00481582054900183985157130000274063   000000000000010000000842259   0000563100008798              
00481582054900183984579520306872102   000000000000020000000063816   0001418600008800              
00481582054900183984541847745358103   000000000000010000000196020   0002307000008803              
00481582054900183985520464803913001   000000000000006000000379708   0003836500008804              
00481582054900183984579600025152109   000000000000005000000541055   0003473800008805              
00481582054900183985157160104325305   000000000000010000000820959   0002571900008806              
00481582054900183985520000158654509   000000000000005000041         0001803300008807              
00481582054900183985520466520118509   000000000000010000000162418   0002539300008808              
00481582054900183984688288705516609   000000000000030000000236987   0003840500008811              
00481582054900183984311951802080499   000000000000020000000000225   0002210800008813              
00481582054900183984311951020801841   000000000000005000000000226   0003844300008815              
00481582054900183984023103700246769   000000000000003000000842255   0001929700008817              
00481582054900183984637890300579601   000000000000010000000004042   0003844400008818              
00481582054900183985521997710045309   000000000000010000000482664   0002950000008821              
00481582054900183984938227586744102   000000000000010000000755049   0002590600008822              
00481582054900183985409456802356709   000000000000020000000310471   0002983100008823              
00481582054900183984147631510754904   000000000000003000000541060   0003812600008824              
00481582054900183984311951042019604   000000000000010000014         0001689000008825              
00481582054900183984563198508271692   000000000000005000000000233   0001316800008827              
00481582054900183985441680019873103   000000000000010000000394073   0003625300008828              
00481582054900183985521995728000472   000000000000010000000606813   0002753900008829              
00481582054900183985239531004533416   000000000000050000000000237   0002515900008831              
00481582054900183984311951017126533   000000000000020000000000239   0001412700008832              
00481582054900183984688280700099301   000000000000005000000436989   0002924200008834              
00481582054900183984147630010364909   000000000000020000000541065   0002924900008835              
00481582054900183983563518101820870   000000000000002000000000242   0003590600008837              
00481582054900183985241060280020811   000000000000050000000842241   0001193500008839              
00481582054900183985241150325451400   000000000000010000000004047   0003856300008840              
00481582054900183984311789600782506   000000000000015000000862686   0001758400008841              
00481582054900183984058650203939702   000000000000005000000004048   0001845300008843              
00481582054900183985433777310855001   000000000000010000000623127   0002578400008844              
00481582054900183984579530502120503   000000000000010000000063819   0000210100008845              
00481582054900183984182301080133998   000000000000010000000000249   0003860000008846              
00481582054900183985241313603365409   000000000000010000000536991   0003309500008847              
00481582054900183984380456743726107   000000000000012000000541069   0003712500008848              
00481582054900183984063760400178393   000000000000020000000842237   0001497400008849              
00481582054900183984579586653264102   000000000000020000000071788   0003862200008850              
00481582054900183983560900100414306   000000000000005000000579198   0003862400008851              
00481582054900183985520464500403900   000000000000005000000265564   0003863000008852              
00481582054900183984311780119733007   000000000000003000000706206   0001655300008854              
00481582054900183985241060200528174   000000000000010000000842231   0001548300008857              
00481582054900183984311951803386325   000000000000010000000000263   0003865800008858              
00481582054900183984503070019289088   000000000000010000000010793   0000487100008860              
00481582054900183984509502170157187   000000000000010000000004965   0002967600008861              
00481582054900183985433738960007830   000000000000003000000987623   0001865700008863              
00481582054900183985408422200407388   000000000000010000000842224   0003025800008864              
00481582054900183984682350000023602   000000000000010000000036169   0003874700008869              
00481582054900183984311780239944724   000000000000010000000484195   0003832600008870              
00481582054900183985521994360015203   000000000000010000000812330   0003874800008872              
00481582054900183985522358800029050   000000000000005000000213808   0001091700008873              
00481582054900183984392377362000200   000000000000020000000407746   0003874900008874              
00481582054900183985520009600370614   000000000000005000000126505   0003469100008875              
00481582054900183984311951022967772   000000000000008500000000271   0000582400008876              
00481582054900183985153520000579293   000000000000010000000954616   0001046800008877              
00481582054900183985521292004192466   000000000000003000000R77335   0003876000008878              
00481582054900183984637818005077100   000000000000010000000063825   0000152800008879              
00481582054900183984365399916938233   000000000000003000000010794   0000724400008880              
00481582054900183984688143920705901   000000000000010000000004966   0000116700008884              
00481582054900183984688143920705901   000000000000010000000004967   0003882900008885              
00481582054900183984003538601151697   000000000000002000000158314   0003874300008886              
00481582054900183984182301009064985   000000000000040000000000276   0002198400008888              
00481582054900183985241084300337609   000000000000010000000543644   0000092900008889              
00481582054900183985156115005860405   000000000000020000005         0002050700008892              
00481582054900183984510294400523183   000000000000010000000033326   0004101000008895              
00481582054900183984182301005827518   000000000000080000000000278   0000960600008896              
00481582054900183984380450190067305   000000000000010000000541081   0002798300008898              
00481582054900183984705380179733015   000000000000002000005         0003810400008899              
00481582054900183984987136500585600   000000000000008000000191414   0002490000008900              
00481582054900183984380451598258306   000000000000021000000541082   0003889600008901              
00481582054900183985148691006300972   000000000000050000000842210   0003424000008902              
00481582054900183984147631600760605   000000000000010000000541083   0003343700008903              
00481582054900183985520464823383409   000000000000003000000898754   0003893300008904              
00481582054900183984392370123778909   000000000000010000000202516   0001277200008905              
00481582054900183985520467600759501   000000000000006000000767910   0001746700008906              
00481582054900183984695850023085004   000000000000007000000018976   0002954900008907              
00481582054900183984182301004996744   000000000000010000000000289   0003631400008909              
00481582054900183985453051123933800   000000000000010000000002048   0002462700008910              
00481582054900183984423555980164903   000000000000010000000060826   0002658100008911              
00481582054900183985520000147617104   000000000000010000000349949   0000542100008912              
00481582054900183984523841211485567   000000000000010000000004968   0002334700008914              
00481582054900183985560485015010543   000000000000030000000235169   0003675400008915              
00481582054900183985242630007892103   000000000000010000000010387   0001359400008916              
00481582054900183984503070786809944   000000000000010000000010799   0002436900008918              
00481582054900183984503070705119946   000000000000003000000010800   0003897200008920              
00481582054900183984601996427545102   000000000000005000000684309   0003812900008921              
00481582054900183985148691081770974   000000000000030000000842197   0002210200008923              
00481582054900183984311780130128401   000000000000002000000936176   0001731400008924              
00481582054900183984563130209305016   000000000000010000000030053   0001685700008926              
00481582054900183984311785403031836   000000000000050000000976909   0003848800008927              
00481582054900183984682363000041573   000000000000010000000060827   0002853300008930              
00481582054900183984392370767000099   000000000000020000000016103   0002498300008931              
00481582054900183984682365838893513   000000000000020000000060828   0003236200008932              
00481582054900183985441350008702206   000000000000002000000975235   0001814400008933              
00481582054900183984563181001788503   000000000000020000000981310   0000333700008934              
00481582054900183984182301005400795   000000000000010000000000307   0001318200008936              
00481582054900183984563020071150600   000000000000010000000594900   0000463700008937              
00481582054900183984563186305399204   000000000000020000000957057   0003905800008938              
00481582054900183984563130086040801   000000000000100000000889478   0002476200008939              
00481582054900183984682365868261045   000000000000010000000060829   0002774600008940              
00481582054900183984514450203011406   000000000000030000000063835   0001038200008941              
00481582054900183985588650029131100   000000000000010000000059552   0003907200008942              
00481582054900183985520000108055302   000000000000050000000736220   0003288600008943              
00481582054900183985520466511010202   000000000000020000000429452   0003007800008944              
00481582054900183984682365800473195   000000000000015000000060830   0002895600008945              
00481582054900183985148725000032908   000000000000005000041         0003574400008947              
00481582054900183984579630013803504   000000000000040000000030335   0001311300008948              
00481582054900183984311780193403808   000000000000010000000271932   0001896500008949              
00481582054900183985239531003287303   000000000000010000000000315   0001983900008950              
00481582054900183984695878500495602   000000000000003000000536998   0002657300008951              
00481582054900183984311780219043802   000000000000004000000734731   0003911200008953              
00481582054900183984311789900432901   000000000000100000000361610   0000905900008955              
00481582054900183985241150325420504   000000000000010000000004068   0002596100008956              
00481582054900183985520468902382810   000000000000010000000436520   0000674700008957              
00481582054900183984637890101462908   000000000000010000000004069   0002591900008958              
00481582054900183985433728503423586   000000000000010000000000322   0000020800008959              
00481582054900183984182301002282550   000000000000005000000000323   0003148000008960              
00481582054900183985148693400222646   000000000000005000041         0002860600008961              
00481582054900183984311780144850602   000000000000050000000057079   0001911100008963              
00481582054900183985408422200498486   000000000000020000000842173   0000167600008964              
00481582054900183985241060001751751   000000000000050000000842171   0001430200008965              
00481582054900183984038798280231041   000000000000010000000987624   0001943700008967              
00481582054900183984258980013247105   000000000000050000000251521   0002777200008968              
00481582054900183985148691005373525   000000000000010000000842169   0002265700008969              
00481582054900183985222328010040349   000000000000005000000987625   0003435200008971              
00481582054900183984147631699929103   000000000000010000000541109   0003915800008972              
00481582054900183984182301008432514   000000000000005000000000328   0001440700008973              
00481582054900183985520005800313347   000000000000010000000105820   0003916700008975              
00481582054900183985433777501500606   000000000000005000000516502   0003916800008976              
00481582054900183984147631602132209   000000000000010000000541112   0001045900008977              
00481582054900183983566706605357005   000000000000100000000004072   0000767500008980              
00481582054900183983569694500771602   000000000000100000041         0001377500008981              
00481582054900183985521991250015806   000000000000010000000752267   0000436000008982              
00481582054900183984311951055259923   000000000000010000000000333   0000709200008983              
00481582054900183985520465504769600   000000000000005000000756235   0001053400008984              
00481582054900183984029876505662306   000000000000005000000602227   0002205600008985              
00481582054900183984147630012143301   000000000000005000000541117   0001941700008986              
00481582054900183984284400200318468   000000000000006000000034025   0000000100008987              
00481582054900183984682363000063189   000000000000200000000060833   0000083700008988              
00481582054900183985520464905884001   000000000000010000000349219   0001159900008989              
00481582054900183984889760000049285   000000000000020000000216378   0001487400008990              
00481582054900183984380451002276704   000000000000100000000541118   0001716000008991              
00481582054900183985241089400934403   000000000000050000000750159   0001912900008992              
00481582054900183983565538600262208   000000000000030000000104274   0002063000008993              
00481582054900183984258980006697100   000000000000100000000255846   0002153500008994              
00481582054900183985239531001075874   000000000000010000000000346   0002506200008995              
00481582054900183985466960010344209   000000000000030000000842156   0003936900008996              
00481582054900183985521294000052652   000000000000050000000R77336   0003920700008997              
00481582054900183984682365800171161   000000000000200000000060836   0003927100008998              
00481582054900183984563130210378804   000000000000030000000305026   0003926700009000              
00481582054900183984057010001520108   000000000000020000000018916   0001246100009001              
00481582054900183984563181001953404   000000000000010000000279047   0003577700009004              
00481582054900183984639130541990129   000000000000015000000030230   0001793700009005              
00481582054900183985521292061593234   000000000000010000000R77337   0000121200009006              
00481582054900183984380451596430402   000000000000002000054         0002332500009007              
00481582054900183984726358304887307   000000000000010000000063849   0000203100009008              
00481582054900183984392375488000732   000000000000010000000076160   0003940100009009              
00481582054900183985239766080000266   000000000000003000005         0003624500009010              
00481582054900183984284300101384918   000000000000007000000842147   0002451700009011              
00481582054900183985157160104372406   000000000000010000000473574   0003941000009012              
00481582054900183984682365800001897   000000000000015000000060837   0003942900009013              
00481582054900183983565620113380709   000000000000020000000004080   0000307300009014              
00481582054900183985521970201124016   000000000000010000041         0004911000009015              
00481582054900183985433746005265800   000000000000010000000773499   0003419600009017              
00481582054900183984579673300178107   000000000000010000000914957   0002971200009018              
00481582054900183984311780192487406   000000000000300000000564859   0002485800009020              
00481582054900183984182301008249298   000000000000010000000000369   0000224900009021              
00481582054900183984380450131724709   000000000000010000000541129   0002595700009022              
00481582054900183984503070031743948   000000000000012000000010806   0002969600009023              
00481582054900183984637817905347902   000000000000010000000063852   0001326100009024              
00481582054900183984311789704577802   000000000000010000000844708   0003945200009025              
00481582054900183984682365099136305   000000000000060000000060838   0002087000009026              
00481582054900183984688288800872709   000000000000050000000337006   0000558700009027              
00481582054900183984563189202584605   000000000000010000000394462   0002087200009028              
00481582054900183984563130208571303   000000000000040000000143791   0003275200009029              
00481582054900183984907080013716145   000000000000030000000093661   0000066400009030              
00481582054900183984563198080682217   000000000000010000000000375   0002296600009031              
00481582054900183984579520209406206   000000000000002000000063854   0001730500009032              
00481582054900183985157130000393749   000000000000020000000842137   0003947600009033              
00481582054900183984029876503399802   000000000000010000000272724   0001474000009034              
00481582054900183984023103401789646   000000000000020000000842134   0002460000009035              
00481582054900183985520465513295209   000000000000010000000555943   0003897100009036              
00481582054900183984038508950134809   000000000000008800000987626   0000164400009037              
00481582054900183985433811105047605   000000000000010000000063857   0003674400009039              
00481582054900183985428027748569502   000000000000006000000714253   0003215800009040              
00481582054900183984029876506430208   000000000000010000000485593   0001776000009041              
00481582054900183984637818319135701   000000000000005000000063859   0003738800009042              
00481582054900183985520464704136405   000000000000001000000518522   0003954200009045              
00481582054900183984682363000095835   000000000000010000000060842   0003868500009046              
00481582054900183984863751723982100   000000000000001000000261498   0003746100009047              
00481582054900183983565580706143700   000000000000010000000541137   0003353500009048              
00481582054900183983565580706143700   000000000000010000000541136   0003353500009049              
00481582054900183984029874503357904   000000000000005000000406532   0003918000009050              
00481582054900183985521990122492706   000000000000050000000770935   0001178000009052              
00481582054900183984182301008948279   000000000000005000000000394   0003954900009053              
00481582054900183985433710099890808   000000000000020000000541138   0001456500009054              
00481582054900183985520000157077108   000000000000010000000867959   0001528600009055              
00481582054900183985433810200086500   000000000000005000000063861   0003306300009056              
00481582054900183984023100013436962   000000000000030000000842118   0000103800009057              
00481582054900183984182301005403211   000000000000035000000000399   0002463300009059              
00481582054900183985242634996800101   000000000000003000000640616   0002768100009060              
00481582054900183984682364000451523   000000000000010000000060843   0002954800009061              
00481582054900183984284300100866733   000000000000002000000842115   0003838400009062              
00481582054900183983567536566113108   000000000000003000000263613   0001155600009063              
00481582054900183984503070779267027   000000000000002000000010809   0003744400009064              
00481582054900183984029874503719301   000000000000005000000017019   0002952500009065              
00481582054900183984748320000064676   000000000000060000000842112   0001504400009066              
00481582054900183984311951054673827   000000000000005000000000409   0001040300009067              
00481582054900183985239531005053042   000000000000100000000000410   0001231800009068              
00481582054900183984503070088484834   000000000000001000000010810   0003088400009069              
00481582054900183984563130203776303   000000000000003000000038720   0000022700009070              
00481582054900183984563130209305016   000000000000010000000611638   0001685700009072              
00481582054900183984147631511831107   000000000000010000000541154   0002854300009073              
00481582054900183985433777501402308   000000000000005000000396613   0004936600022974              
00481582054900183984563198513417363   000000000000010000000000419   0003421300022978              
00481582054900183985241060201684257   000000000000010000000842105   0004941100022980              
00481582054900183984385820000777290   000000000000010000000842104   0000122900022981              
00481582054900183984503070756009038   000000000000020000000010812   0002070100022994              
00481582054900183984311789600013001   000000000000020000000045737   0000030200022997              
00481582054900183985521998867000238   000000000000010000005         0003958700023009              
00481582054900183984563180028720606   000000000000010000000318740   0001581000023010              
00481582054900183984182301002794455   000000000000020000000000428   0001149700023013              
00481582054900183984182301001215726   000000000000010000000000431   0000623300023014              
00481582054900183984695856813108203   000000000000002000000078884   0000749800023018              
00481582054900183984579511001236404   000000000000010000000004094   0003616900023044              
00481582054900183985521970017066609   000000000000050000000842093   0001886400023045              
00481582054900183984503070043766119   000000000000050000000010813   0000823000023046              
00481582054900183984380450170484405   000000000000050000000541160   0003319700023047              
00481582054900183985520464811200508   000000000000010000000091479   0003492800023048              
00481582054900183984423555867566600   000000000000005000000060845   0001056000023049              
00481582054900183984284300000862345   000000000000005000000842086   0001963000023050              
00481582054900183985239766524000187   000000000000020000005         0002350700023051              
00481582054900183984023103400469729   000000000000003000000842083   0002734500023053              
00481582054900183984023100700710562   000000000000015000000842082   0003701300023054              
00481582054900183984503010099000389   000000000000008000012         0003228200023055              
00481582054900183985239531003691397   000000000000010000000000440   0000666300023056              
00481582054900183984705720000177405   000000000000030000000004097   0004951000023057              
00481582054900183984726358308143004   000000000000002000000063870   0001428800023058              
00481582054900183984147202136581046   00000000000010000000004013D   0002719400023059              
00481582054900183985521179301911609   000000000000005000000568107   0004950900023060              
00481582054900183984311951804261477   000000000000010000000000445   0004911000023069              
00481582054900183985408942080721541   000000000000020000005         0002075300023070              
00481582054900183985239531005389867   000000000000030000000000449   0000845000023071              
00481582054900183985520541501171709   000000000000015000000004099   0000211600023072              
00481582054900183985239531009283199   000000000000010000000000450   0002117100023073              
00481582054900183984311951059308924   000000000000005000000000452   0002746400023074              
00481582054900183983565800000729552   000000000000100000000842076   0001492500023075              
00481582054900183985433746006457000   000000000000003000000444836   0003725400023076              
00481582054900183984514450001331204   000000000000010000000063875   0001683600023077              
00481582054900183985468580003676611   000000000000100000000399128   0000334100023090              
00481582054900183984311951002396109   000000000000003000000000460   0000785800023109              
00481582054900183985520464808881203   000000000000002000000972313   0004962200023116              
00481582054900183985239531007441138   000000000000100000000000461   0003807100023117              
00481582054900183985521970580543828   000000000000050000000842069   0000324500023118              
00481582054900183984147630008991309   000000000000020000000541171   0001242000023120              
00481582054900183984637818600676504   000000000000005000000063877   0001668600023123              
00481582054900183983567300151345108   000000000000300000000558095   0000331200023124              
00481582054900183984637896610132601   000000000000010000000004104   0003011800023147              
00481582054900183985241084500072907   000000000000010000000106027   0003298900023157              
00481582054900183984057605010271104   000000000000020000000875160   0000000900023164              
00481582054900183984682365818161030   000000000000010000000060848   0001747500023168              
00481582054900183985148848904931809   000000000000015000000437017   0001252000023184              
00481582054900183984688143970621487   000000000000015000000004975   0000758800023188              
00481582054900183985560485014004182   000000000000015000000305490   0004966200023192              
00481582054900183984941260101426108   000000000000120000000675941   0001690800023197              
00481582054900183985588150006707105   000000000000050000000675225   0003773200023198              
00481582054900183984514450002545307   000000000000005000000063882   0002154100023199              
00481582054900183984636706700083229   000000000000010000000740841   0003973200023200              
00481582054900183985520465501434000   000000000000003000000364210   0003004800023202              
00481582054900183985228315999000059   000000000000700000000266185   0001905100023203              
00481582054900183984392371613000382   000000000000005000000327389   0002996800023204              
00481582054900183984637817907199004   000000000000003000000063884   0004977000023206              
00481582054900183985148691081302851   000000000000010000000842052   0001308600023211              
00481582054900183984503070049287474   000000000000010000000010823   0002803300023213              
00481582054900183984503070766694340   000000000000020000000010824   0002654100023214              
00481582054900183984741330000638509   000000000000100000000321482   0004984100023216              
00481582054900183985408291001543133   000000000000005000000000489   0001816800023217              
00481582054900183985148848918012208   000000000000010000000637019   0004984300023221              
00481582054900183984563111002616403   000000000000010000000842044   0000151800023223              
00481582054900183984380450192321205   000000000000020000000541186   0000848500023224              
00481582054900183983565623300106002   000000000000005000000004113   0001721700023226              
00481582054900183985520464824091902   000000000000010000000772089   0000615900023227              
00481582054900183985241960004499300   000000000000050000000004114   0001302400023228              
00481582054900183985520464801130509   000000000000002000000504555   0001938700023229              
00481582054900183984503070007883462   000000000000009000000010825   0004984400023230              
00481582054900183985522350001156535   000000000000030000000815250   0000170100023233              
00481582054900183984029874503357904   000000000000005000000359562   0003009300023234              
00481582054900183984023103402450628   000000000000050000000842037   0002016700023236              
00481582054900183984027526008361904   000000000000010000000053662   0003785200023238              
00481582054900183984023103401693160   000000000000050000000842033   0000764100023255              
00481582054900183984907071294202103   000000000000010000000592978   0000534700023257              
T00077100018289690020140124111930                                                                 
