00481582054900183984311951000644849   000000000000005000000018562   0001774900003716              
00481582054900183984029876904507904   000000000000005000000952766   0000194900004467              
00481582054900183985433728502431101   000000000000010000000018564   0000500000004632              
00481582054900183984311951012472692   000000000000010000000018566   0001536300004655              
00481582054900183984563191012892889   000000000000010000054         0002131700004903              
00481582054900183984563198006171030   000000000000005000000018568   0002161900005066              
00481582054900183984423555914654912   000000000000010000000071684   0000234900005230              
00481582054900183984311951016724205   000000000000010000000018570   0000003200005246              
00481582054900183985408291002244160   000000000000010000000018573   0001387200005446              
00481582054900183984311951019296623   000000000000010000000018574   0001175200005466              
00481582054900183984563198704214181   000000000000003000000018576   0002087100005507              
00481582054900183984563018704764409   000000000000010000000018578   0001437400005529              
00481582054900183984067691797580105   000000000000003500000051079   0002435700005707              
00481582054900183984056503804360103   000000000000010000000333522   0000545500005839              
00481582054900183985148991683286100   000000000000005000000051084   0002482200005895              
00481582054900183984050587800199009   000000000000003000005         0001166500005946              
00481582054900183985433749201331806   000000000000003000000764434   0001034000005963              
00481582054900183983563790000143403   000000000000030000000130223   0000288600006019              
00481582054900183984579520302466800   000000000000010000000034092   0000786500006089              
00481582054900183985289500371000035   000000000000005000005         0001168100006109              
00481582054900183985289500371000035   000000000000005000005         0001168100006110              
00481582054900183984311951011534773   000000000000030000000018582   0001235100006214              
00481582054900183984682365047676832   000000000000100000007         0002609300006272              
00481582054900183984038508910753102   000000000000005000000597216   0002050100006327              
00481582054900183984563018505993553   000000000000010000000018586   0002630700006341              
00481582054900183984311951018337477   000000000000003000014         0001830300006361              
00481582054900183984380456723937302   000000000000010000000333527   0000119300006377              
00481582054900183984563018010117235   000000000000005000000018589   0002133600006381              
00481582054900183984579600011583416   000000000000002000000333529   0000871400006400              
00481582054900183984311951020613634   000000000000002000000018591   0001679100006418              
00481582054900183985433721012242589   000000000000005000000018592   0001793400006449              
00481582054900183985520491800005697   000000000000010000014         0002506400006486              
00481582054900183984514452412688008   000000000000010000000034093   0002531800006510              
00481582054900183984579669355000014   000000000000006000000355592   0000761300006530              
00481582054900183984579669355000014   000000000000006000000999055   0000761300006531              
00481582054900183985409661900205902   000000000000030000000034095   0000057600006574              
00481582054900183984311780103125103   000000000000010000000131169   0000174500006606              
00481582054900183984311780160395607   000000000000010000000729815   0002534800006618              
00481582054900183985520000000945204   000000000000010000000063355   0000970600006619              
00481582054900183985409910001619119   000000000000020000000077381   0000791000006641              
00481582054900183985520540600400308   000000000000016890005         0002772500006651              
00481582054900183984311780119772609   000000000000010000000483231   0002509000006657              
00481582054900183984311780101600610   000000000000010000000992633   0001531300006682              
00481582054900183985521179016998909   000000000000020000000734283   0002679300006687              
00481582054900183985289505145000062   000000000000010000000724586   0002640000006698              
00481582054900183985522358800188492   000000000000002000000215543   0001407100006717              
00481582054900183985544322200084309   000000000000005000000209687   0000746700006719              
00481582054900183985222180012041100   000000000000010000000143346   0001994400006723              
00481582054900183985240330028428118   000000000000010000000081059   0000885500006726              
00481582054900183984636703203633105   000000000000002000000308575   0002801000006730              
00481582054900183985240330028428118   000000000000005000000081984   0000885500006731              
00481582054900183985520491007477939   000000000000010000000018613   0001461000006744              
00481582054900183984311780108484307   000000000000005000000330095   0001455000006745              
00481582054900183985123660961546100   000000000000010000000181686   0001663400006747              
00481582054900183984311780136691709   000000000000010000000207299   0001832700006748              
00481582054900183984067701711550108   000000000000020000000057615   0000836900006765              
00481582054900183984579530208549500   000000000000010000000034099   0000786300006780              
00481582054900183984514450003365200   000000000000004000000034100   0002629100006817              
00481582054900183983565683876000039   000000000000010000000689686   0001153900006838              
00481582054900183985521997970013708   000000000000010000000415682   0000544500006882              
00481582054900183984563188444696805   000000000000003000000171123   0002778200006884              
00481582054900183985520000154692206   000000000000002000000292556   0002415900006902              
00481582054900183985520000154692206   000000000000003000000661764   0002415900006903              
00481582054900183984311780113233400   000000000000030000000652799   0001055200006920              
00481582054900183984058650209247902   000000000000005000000010009   0000768900006927              
00481582054900183984058650209247902   000000000000005000000010010   0000768900006928              
00481582054900183985520491007949077   000000000000010000000018629   0001781500006933              
00481582054900183984392375139000610   000000000000050000000111643   0004005000006942              
00481582054900183984058650004975905   000000000000001000000010013   0002290600006946              
00481582054900183984579522411724103   000000000000010000000034101   0001387000006970              
00481582054900183985521970700899811   000000000000005000000211609   0000829900006981              
00481582054900183985543920147217766   000000000000030000000526359   0002518500006984              
00481582054900183983565684544000005   000000000000010000000063567   0000702300007039              
00481582054900183984311789713795304   000000000000050000000477877   0001854200007052              
00481582054900183985457451322915101   000000000000010000000860845   0000908700007073              
00481582054900183984563198701044334   000000000000005000000018637   0002928500007080              
00481582054900183984563198701044334   000000000000005000000018639   0002928500007081              
00481582054900183984563198100809261   000000000000010000000018641   0002061500007083              
00481582054900183984311780204378403   000000000000010000000486984   0001390500007085              
00481582054900183985179517304111708   000000000000010000000034102   0002279500007106              
00481582054900183985148691081482471   000000000000005000000211604   0001030800007125              
00481582054900183984311785401834819   000000000000020000000205427   0000229600007142              
00481582054900183984503070047207995   000000000000005000000081004   0000544800007145              
00481582054900183984096792771000006   000000000000060000000861495   0000833600007160              
00481582054900183984311780216820301   000000000000030000000712554   0002025000007177              
00481582054900183984311780117160203   000000000000001500000165601   0002399500007181              
00481582054900183985408059400451301   000000000000002000000814117   0002985200007196              
00481582054900183984563191004400600   000000000000002000000018647   0003002600007212              
00481582054900183984563191004400600   000000000000002000000018648   0003002700007213              
00481582054900183984563191004400600   000000000000002000000018649   0003002800007214              
00481582054900183985239531003091028   000000000000200000005         0001739500007216              
00481582054900183985148691081593061   000000000000010000000211600   0000029700007235              
00481582054900183985543920183051384   000000000000002000000268760   0003015700007240              
00481582054900183985520468906848907   000000000000010000000165796   0001291800007261              
00481582054900183985521170200557700   000000000000001000000825229   0003026100007264              
00481582054900183983567333005546100   000000000000002000000063160   0003399300007265              
00481582054900183985457451382031112   000000000000005000000607786   0001286400007273              
00481582054900183984563018701063029   000000000000010000000018660   0003035600007293              
00481582054900183985520000124423807   000000000000030000000245827   0000606100007302              
00481582054900183984688143970613674   000000000000010000000000393   0000495700007307              
00481582054900183984392379287000158   000000000000007500000611434   0001683500007311              
00481582054900183985521970016768908   000000000000010000000211595   0000251000007322              
00481582054900183985520000114732803   000000000000005000000091132   0001101500007333              
00481582054900183984025138910144071   000000000000001000000597217   0002868700007334              
00481582054900183985239531008868743   000000000000010000000018671   0003079600007343              
00481582054900183985239531008868743   000000000000010000000018675   0003079600007344              
00481582054900183983567336506838108   000000000000015000000064282   0000181600007350              
00481582054900183984365419953714667   000000000000025000000081007   0000171100007351              
00481582054900183985140231040967102   000000000000010000005         0003011800007368              
00481582054900183984023100012911460   000000000000001000000211591   0002650400007372              
00481582054900183985148691000216026   000000000000010000000211590   0000280800007402              
00481582054900183984380450798740105   000000000000020000000333572   0000902100007412              
00481582054900183984682365892629084   000000000000020000000071691   0003308100007414              
00481582054900183985239531009574225   000000000000100000000018687   0000832600007416              
00481582054900183985408422200423328   000000000000010000000211588   0001743500007425              
00481582054900183984311780115363809   000000000000001000000352843   0002030500007438              
00481582054900183985520030002120308   000000000000020000000333579   0000617300007440              
00481582054900183984392373144000162   000000000000010000000006682   0002518900007447              
00481582054900183984579611128350706   000000000000010000000333580   0001438100007449              
00481582054900183984311780174379704   000000000000010000000035365   0003101200007450              
00481582054900183984563186305213900   000000000000005000000314372   0003001800007464              
00481582054900183984563186305213900   000000000000005000000454072   0003001800007465              
00481582054900183984563028600355731   000000000000002500005         0003135300007466              
00481582054900183985239531000028809   000000000000010000000018714   0003142700007475              
00481582054900183985148729608330409   000000000000003000000010022   0003143400007482              
00481582054900183985239763501000181   000000000000020000000391260   0000318400007495              
00481582054900183984579600019048305   000000000000003000000333584   0002911400007496              
00481582054900183984392372545000391   000000000000010000000545371   0000486000007497              
00481582054900183984311780118694903   000000000000010000000045338   0003156200007500              
00481582054900183984639140156619194   000000000000002500000014577   0002854400007523              
00481582054900183984311951019027721   000000000000006000000018721   0003167400007525              
00481582054900183985452788807996907   000000000000010000000R93065   0003177500007526              
00481582054900183985239765940000060   000000000000005000000988140   0000903800007527              
00481582054900183984477570029881677   000000000000003000000525848   0003127700007531              
00481582054900183985408050032952907   000000000000010000000749114   0000322300007538              
00481582054900183984514454903266104   000000000000003000000034107   0002749400007603              
00481582054900183984514450003694401   000000000000010000000034108   0002891300007606              
00481582054900183984639140131513389   000000000000001000000076482   0002723600007633              
00481582054900183984563188445164209   000000000000003000000950057   0001920700007649              
00481582054900183984563018705934985   000000000000001000000018741   0002746100007657              
00481582054900183984311951009614736   000000000000120000014         0000176600007659              
00481582054900183984380450192379203   000000000000005000000333592   0000790900007660              
00481582054900183984682365072105368   000000000000060000000071696   0000709600007671              
00481582054900183984563139403613604   000000000000010000000626551   0002424200007714              
00481582054900183984563186305121608   000000000000006000000913586   0001959800007719              
00481582054900183985148691004651905   000000000000010000000211569   0000243700007745              
00481582054900183985452790070894405   000000000000005000000R93066   0003279400007750              
00481582054900183984311780167344608   000000000000005000005         0001912400007760              
00481582054900183984311789713138109   000000000000010000000618594   0003980100007763              
00481582054900183984311780136862003   000000000000010000000698465   0002027600007769              
00481582054900183984503070010365796   000000000000010000000081020   0001721400007791              
00481582054900183984311951022145734   000000000000005000000018762   0001547500007792              
00481582054900183985521995374000263   000000000000005000000653305   0003303900007811              
00481582054900183984563130045442221   000000000000010000000158716   0001993800007816              
00481582054900183984392379460000405   000000000000005000000944747   0001325900007827              
00481582054900183984563018507527920   000000000000010000005         0001375000007828              
00481582054900183985239531001566500   000000000000020000000018776   0003316200007829              
00481582054900183985179517302596108   000000000000006000014         0001938100007848              
00481582054900183984563198108456321   000000000000005000014         0001584400007863              
00481582054900183984682365854433863   000000000000010000000071697   0003280400007864              
00481582054900183985521997960018709   000000000000005000000093356   0002162400007867              
00481582054900183985521997960018709   000000000000005000000756965   0001510800007868              
00481582054900183984025951718608505   000000000000010000041         0001288300007881              
00481582054900183984637890200931704   000000000000005000000010034   0000114700007887              
00481582054900183984563011012146534   000000000000002000000018789   0002216800007889              
00481582054900183984682365852153133   000000000000010000000071698   0003991400007891              
00481582054900183984056503802511509   000000000000020000000333615   0000689500007894              
00481582054900183985148991698869106   000000000000012000000073045   0001414900007896              
00481582054900183984311951043220342   000000000000003000000018794   0000778300007921              
00481582054900183984514450001352804   000000000000020000000034112   0000507600007924              
00481582054900183985520000130755002   000000000000005000000357484   0001628000007928              
00481582054900183984029876906972007   000000000000001000000614289   0003375700007930              
00481582054900183984029876906972007   000000000000001000000706459   0003376800007931              
00481582054900183984029876906972007   000000000000001000000310684   0003376900007932              
00481582054900183984514450001668100   000000000000010000000034113   0001520900007940              
00481582054900183985239769320000237   000000000000003000000345224   0003382400007942              
00481582054900183984365419919224199   000000000000005000000081021   0003382500007943              
00481582054900183984563188446340204   000000000000003000000918704   0003385600007947              
00481582054900183984579691738553501   000000000000002000041         0001646100007952              
00481582054900183985157130000575493   000000000000030000000211542   0001350200007965              
00481582054900183985242310000012500   000000000000005000000096208   0000544800007970              
00481582054900183985409621460539306   000000000000007000041         0001735100007977              
00481582054900183984514453601873807   000000000000010000000034115   0003117200007979              
00481582054900183985239761833000010   000000000000035000005         0000830000007986              
00481582054900183985241313602196904   000000000000035000000049206   0000830000007987              
00481582054900183984392370122257806   000000000000010000005         0002932900008026              
00481582054900183984688288800962609   000000000000005000000049207   0003425800008041              
00481582054900183985520000150080000   000000000000020000000423415   0003430200008044              
00481582054900183984038508911397966   000000000000010000000597221   0003416400008054              
00481582054900183984392372296000111   000000000000020000000154566   0000051700008058              
00481582054900183985433760017718904   000000000000010000000010041   0001731000008061              
00481582054900183985241080003962305   000000000000010000000831268   0000209100008063              
00481582054900183985239769962000123   000000000000010000000208528   0000027700008066              
00481582054900183984579600020440103   000000000000003000000333619   0003449600008071              
00481582054900183985520000144413101   000000000000020000000637419   0002424100008081              
00481582054900183984311780221705208   000000000000010000000482817   0003163500008082              
00481582054900183985521292033757891   000000000000010000000R93068   0001721600008092              
00481582054900183984579590009761605   000000000000010000000040450   0002386900008093              
00481582054900183984311785402618609   000000000000050000000770938   0003490900008116              
00481582054900183985147380000092071   000000000000010000000597222   0001156500008129              
00481582054900183984563191801032705   000000000000010000000018854   0002859500008130              
00481582054900183984637817900050006   000000000000005000000034120   0001224400008131              
00481582054900183985242558880009893   000000000000005000000293228   0000646200008137              
00481582054900183984682364085864954   000000000000002000005         0003509600008143              
00481582054900183985520464702307313   000000000000005000000905658   0001609300008149              
00481582054900183984637818005659808   000000000000001000000034122   0003042300008166              
00481582054900183985433820010658703   000000000000003000000333626   0003313900008174              
00481582054900183985520030002120308   000000000000020000000333628   0000617300008184              
00481582054900183984503070083929023   000000000000010000000081024   0002550700008188              
00481582054900183984003538600911588   000000000000005000000107721   0003533500008189              
00481582054900183984003538600911588   000000000000002000000147120   0003533600008190              
00481582054900183984003538600911588   000000000000002000000163305   0003533600008191              
00481582054900183984003538600911588   000000000000001000000109307   0003533700008192              
00481582054900183984003538600911588   000000000000001000000224597   0004132100008193              
00481582054900183984003538600911588   000000000000001000000128715   0004132100008194              
00481582054900183984003538600911588   000000000000001000000168573   0003533800008195              
00481582054900183985520466519227808   000000000000003000000336382   0002410500008203              
00481582054900183985179512402785602   000000000000005000000034126   0003463800008211              
00481582054900183983560710101026805   000000000000010000000155105   0003545800008218              
00481582054900183984311780144182501   000000000000010000000378935   0000867000008222              
00481582054900183985521970500415941   000000000000010000000211519   0001771700008224              
00481582054900183984541850699300402   000000000000005000000449214   0003187700008228              
00481582054900183984392371736000590   000000000000010000000406854   0000676700008230              
00481582054900183984311951803017854   000000000000001000000018896   0003554500008241              
00481582054900183984695856881094301   000000000000030000000055804   0003545900008242              
00481582054900183984579600195359807   000000000000030000005         0001232300008250              
00481582054900183984741340000072807   000000000000010000000284102   0003560100008255              
00481582054900183984392370799000182   000000000000010000005         0002014800008258              
00481582054900183985241060200382838   000000000000005000041         0003561800008260              
00481582054900183984870238006155175   000000000000009000000461275   0003550500008265              
00481582054900183985408430908041003   000000000000003000005         0001825300008270              
00481582054900183984514453610309009   000000000000025000000034128   0001143500008274              
00481582054900183984365419972234481   000000000000005000051         0003085100008278              
00481582054900183984380450104444905   000000000000003000000333646   0002910200008280              
00481582054900183984182301002223471   000000000000010000000018922   0001061800008283              
00481582054900183985521990123840705   000000000000010000000310335   0002469000008287              
00481582054900183984563135100919500   000000000000030000000401165   0002184100008289              
00481582054900183985239531006109280   000000000000010000054         0001601700008295              
00481582054900183984637817904367703   000000000000020000000034132   0002932900008302              
00481582054900183984023100012843267   000000000000008500000211509   0000434900008307              
00481582054900183984023100700875134   000000000000012000000211507   0002666000008310              
00481582054900183984503070086839328   000000000000005000000081026   0002343200008311              
00481582054900183985427007391219804   000000000000010000000539036   0001923000008322              
00481582054900183984423550014374107   000000000000005000000071702   0000433700008331              
00481582054900183985228315663000005   000000000000010000000708338   0001836500008332              
00481582054900183985228315663000005   000000000000010000000450940   0002065400008333              
00481582054900183985228315663000005   000000000000010000000652312   0002706700008334              
00481582054900183985228315663000005   000000000000010000000340204   0002065300008335              
00481582054900183985560485014025658   000000000000020000000252484   0000329400008339              
00481582054900183984563270770021202   000000000000003000000211500   0003608400008347              
00481582054900183984380450195390009   000000000000030000000333657   0001156100008349              
00481582054900183985521970500568582   000000000000010000000211499   0000464900008350              
00481582054900183984311951003277217   000000000000005000000018952   0001031900008352              
00481582054900183985239531000065769   000000000000020000000018953   0002188000008355              
00481582054900183984682365813802810   000000000000010000000071703   0003614600008359              
00481582054900183984579611512101509   000000000000010000000333660   0001692900008362              
00481582054900183985520540201577009   000000000000005000000010062   0003456400008363              
00481582054900183984311951803732213   000000000000020000000018958   0001787700008364              
00481582054900183985148691004072508   000000000000005000000211493   0003616500008366              
00481582054900183985520491009961443   000000000000002000054         0003625000008367              
00481582054900183984311780001606709   000000000000010000000866574   0000169600008368              
00481582054900183984311780001606709   000000000000120000000815254   0000169600008369              
00481582054900183984563189203574209   000000000000005000000830611   0003435100008373              
00481582054900183985239768925000329   000000000000006000000374265   0003417600008375              
00481582054900183984311951042911313   000000000000010000000018971   0003252600008376              
00481582054900183984023100580453010   000000000000005000000211485   0002297500008378              
00481582054900183984682363000034644   000000000000020000000071704   0003642500008387              
00481582054900183984637817905089405   000000000000002000000034138   0003642600008388              
00481582054900183985520468700174708   000000000000005000000698342   0002807900008390              
00481582054900183985242558846011652   000000000000020000000134706   0000043100008393              
00481582054900183985521294083957926   000000000000010000000R93069   0002353800008394              
00481582054900183984380451600855305   000000000000003000000333670   0002655700008396              
00481582054900183984380450157541409   000000000000005000000333671   0001006400008402              
00481582054900183985433814600941504   000000000000005000000034139   0001796600008404              
00481582054900183984281410400044064   000000000000002000000139748   0003543500008408              
00481582054900183984003538600009318   000000000000010000000187271   0000136700008410              
00481582054900183984688288801117302   000000000000020000000149221   0001773500008412              
00481582054900183984579611121357807   000000000000012000000333673   0000704000008413              
00481582054900183984637896602028304   000000000000005000000010068   0001905900008414              
00481582054900183985453056660270409   000000000000005000000283614   0001947100008418              
00481582054900183984311951800856403   000000000000005000000019006   0003343800008425              
00481582054900183984311951053500419   000000000000003000043         0003602500008429              
00481582054900183984579610141229202   000000000000010000000333677   0002753800008430              
00481582054900183985148848902737901   000000000000010000000249222   0000429500008432              
00481582054900183984182301009215447   000000000000010000000019016   0003668200008435              
00481582054900183984380450110389102   000000000000010000000333679   0001774400008436              
00481582054900183984023730001160503   000000000000008500000791951   0000342200008445              
00481582054900183984637818001657608   000000000000010000000034140   0003675600008447              
00481582054900183984392377172000200   000000000000002000000436170   0003676300008448              
00481582054900183984067691821768106   000000000000010000000090694   0001311900008453              
00481582054900183985452030001549509   000000000000003000000010071   0003348800008455              
00481582054900183985241150310878807   000000000000005000000010072   0000194900008456              
00481582054900183985520491800557838   000000000000010000000019031   0002217900008462              
00481582054900183984649616598000109   000000000000010000000631607   0003240000008466              
00481582054900183984514452404405007   000000000000005000000034142   0003693500008467              
00481582054900183984063763400004205   000000000000040000000211462   0001876300008468              
00481582054900183984147630022064208   000000000000005000000333684   0002980800008469              
00481582054900183985433749202683304   000000000000003000000471948   0003067200008472              
00481582054900183984563181000737303   000000000000100000000184200   0000111800008473              
00481582054900183984682365841816584   000000000000300000000071706   0002989300008475              
00481582054900183984579660133041107   000000000000010000000813857   0003701700008477              
00481582054900183985520491006341482   000000000000020000000019047   0002256100008480              
00481582054900183985521990012000429   000000000000010000000725528   0000638300008481              
00481582054900183984029876506117102   000000000000010000000079112   0001830200008482              
00481582054900183984579762713182903   000000000000010000000066879   0001429200008485              
00481582054900183985520030304181602   000000000000010000000333693   0002598900008487              
00481582054900183985520030304181602   000000000000010000000333694   0002598900008488              
00481582054900183985156115014009408   000000000000005000000640065   0003711800008490              
00481582054900183984563130064653203   000000000000010000000699653   0003714800008495              
00481582054900183984563191010594172   000000000000002000000019052   0003573600008502              
00481582054900183984311780207412704   000000000000010000000814002   0000324400008504              
00481582054900183985409660209011201   000000000000002000000034146   0003423700008506              
00481582054900183984147630702798703   000000000000010000000333696   0004982200008507              
00481582054900183984311951047659909   000000000000005000014         0003718600008508              
00481582054900183984380451001801304   000000000000100000054         0000069400008510              
00481582054900183984029876904482207   000000000000020000000162842   0002234900008512              
00481582054900183983560676857716503   000000000000005000000068090   0001053300008513              
00481582054900183985242558845028061   000000000000010000000236380   0002721900008514              
00481582054900183983567336500045106   000000000000010000000094040   0003452400008515              
00481582054900183984182301008196119   000000000000030000000019063   0001802700008519              
00481582054900183984311780238549102   000000000000050000000824236   0000800400008520              
00481582054900183985428273460492842   000000000000010000000R02090   0000998900008528              
00481582054900183984579570802274402   000000000000010000000475676   0002201900008534              
00481582054900183984182301008874582   000000000000006000000019065   0003556800008537              
00481582054900183984579522900123304   000000000000006000000034149   0001322200008538              
00481582054900183984311951043732775   000000000000010000014         0001018300008551              
00481582054900183985222328280105111   000000000000080000000597227   0000348900008555              
00481582054900183984380450197903304   000000000000001000000333701   0003749800008558              
00481582054900183984503070024660109   000000000000020000000081031   0003189400008560              
00481582054900183983567430053198105   000000000000010000000568777   0003756700008567              
00481582054900183985241089400599503   000000000000010000000307263   0003466200008569              
00481582054900183984380450161302905   000000000000010000000333704   0001346300008570              
00481582054900183984182301007563368   000000000000010000000019079   0001346300008571              
00481582054900183985520541101224601   000000000000020000000010078   0001774200008583              
00481582054900183984182301007271517   000000000000020000000019086   0003591600008596              
00481582054900183984182301002829434   000000000000020000000019088   0000818500008604              
00481582054900183984377218800103363   000000000000010000000035986   0003333400008605              
00481582054900183984311780007194700   000000000000010000000630892   0003776800008609              
00481582054900183985520004103126605   000000000000020000000595846   0000029300008618              
00481582054900183985520491009310310   000000000000006000000019099   0000579000008621              
00481582054900183984311951013375951   000000000000030000014         0001048600008622              
00481582054900183984365419936927329   000000000000010000000081032   0001019600008625              
00481582054900183985241084301878304   000000000000050000000929868   0003564700008632              
00481582054900183985241084301878304   000000000000050000000697913   0003294900008633              
00481582054900183985241084301878304   000000000000050000000272289   0003071500008634              
00481582054900183985241084301878304   000000000000050000000793612   0002850600008635              
00481582054900183985520000128441003   000000000000012000000341244   0000482200008640              
00481582054900183985521974700719276   000000000000100000000211425   0002561800008647              
00481582054900183985148848906918309   000000000000003000000149226   0003009800008649              
00481582054900183985228316319000035   000000000000020000000850455   0001724900008655              
00481582054900183985408050022984605   000000000000010000000696813   0003059200008658              
00481582054900183984392374981000125   000000000000010000000480019   0000237400008659              
00481582054900183983565710101252604   000000000000008500000210096   0002158700008660              
00481582054900183984541850699687105   000000000000010000000149227   0002603300008661              
00481582054900183984705380106206770   000000000000003000005         0004872700008663              
00481582054900183984365419998850815   000000000000070000000081034   0000661900008668              
00481582054900183984863751687889119   000000000000002000000000571   0003065400008670              
00481582054900183984056502801175704   000000000000010000000333715   0000093800008671              
00481582054900183985520469401311706   000000000000010000000075141   0002457000008672              
00481582054900183985521970080656047   000000000000040000000211420   0001556300008676              
00481582054900183985427007233287506   000000000000020000000595371   0000230000008677              
00481582054900183984025951715741903   000000000000027000041         0001520200008679              
00481582054900183985239761278000186   000000000000010000000445106   0003790900008680              
00481582054900183984365409990391777   000000000000040000000081037   0002670200008681              
00481582054900183984311951803297183   000000000000010000014         0000126000008682              
00481582054900183984029876501171203   000000000000010000000464164   0003463500008683              
00481582054900183984058650213989705   000000000000008500000010085   0002204300008685              
00481582054900183984682365800283693   000000000000020000000071713   0002005500008689              
00481582054900183983567430014029100   000000000000100000000124191   0000084200008690              
00481582054900183984579500021643004   000000000000010000091         0002244900008691              
00481582054900183985520000121741409   000000000000010000000642833   0000800100008694              
00481582054900183984726342900053019   000000000000002000000034156   0002103400008696              
00481582054900183984311951007796477   000000000000020000000019144   0000321500008697              
00481582054900183985520030306282309   000000000000030000000333725   0003011900008699              
00481582054900183985148691005128994   000000000000010000000211415   0003211100008702              
00481582054900183984579675697000026   000000000000010000000895238   0002587900008703              
00481582054900183984182301001442023   000000000000005000043         0002809600008705              
00481582054900183985157130000613914   000000000000010000000211413   0001048700008707              
00481582054900183984514450208982304   000000000000020000000034157   0000597100008708              
00481582054900183985239531009095734   000000000000050000000019151   0002506300008709              
00481582054900183985408053302852203   000000000000010000000314768   0002518300008710              
00481582054900183985241960013064400   000000000000010000005         0002650500008711              
00481582054900183985471728302346031   000000000000010000000939022   0000077200008713              
00481582054900183984311789605952500   000000000000001000000169986   0000921500008714              
00481582054900183985241060001641374   000000000000010000000211410   0002171800008717              
00481582054900183985157130000062245   000000000000006000000211407   0001859600008719              
00481582054900183985520466402902806   000000000000016000000611680   0003604400008722              
00481582054900183985239531004713380   000000000000010000000019158   0003809800008724              
00481582054900183984637817906519608   000000000000010000000034160   0002949000008726              
00481582054900183984380451594973007   000000000000001000005         0003416600008727              
00481582054900183984477570028324380   000000000000002000005         0000976800008729              
00481582054900183985240330045299104   000000000000060000000703288   0001331500008732              
00481582054900183984311780140998504   000000000000010000000250830   0001709900008733              
00481582054900183984003611000307028   000000000000100000000019162   0002230900008735              
00481582054900183984038508910823863   000000000000001000000597232   0002770700008736              
00481582054900183984311951047385257   000000000000002000014         0004016000008738              
00481582054900183984563198103000702   000000000000001000000019163   0003105400008740              
00481582054900183984649611362000039   000000000000010000005         0000237100008753              
00481582054900183984392375860000391   000000000000010000000023765   0003814400008754              
00481582054900183985471728300464703   000000000000010000000233758   0000812400008756              
00481582054900183984311780218955204   000000000000010000000292896   0002244100008757              
00481582054900183984688288000968307   000000000000005000000849231   0001407000008758              
00481582054900183984574110017781605   000000000000010000000063691   0000873800008760              
00481582054900183985520030030463407   000000000000010000000333741   0000075300008761              
00481582054900183985239531002828560   000000000000005000000019173   0003718600008762              
00481582054900183984063760000171111   000000000000200000000211388   0002559600008763              
00481582054900183985520464816599805   000000000000100000000797627   0000094000008766              
00481582054900183985520000121327308   000000000000006000000008587   0003820000008767              
00481582054900183985239531080107705   000000000000007000000019178   0001767400008768              
00481582054900183984987134500418906   000000000000002000000122280   0002595900008770              
00481582054900183985228310759000019   000000000001800000000772221   0001464400008771              
00481582054900183985520000124432501   000000000000020000000822058   0003467800008772              
00481582054900183984637817900203308   000000000000010000000034168   0000679000008773              
00481582054900183985409731271316131   000000000000010000041         0000053300008776              
00481582054900183984311780238994308   000000000000003000000696358   0000720500008778              
00481582054900183985239531000166963   000000000000010000000019183   0003983900008779              
00481582054900183984311780231169304   000000000000030000000691883   0000142000008781              
00481582054900183984311780119853508   000000000000005000000752882   0003824400008783              
00481582054900183984311951017126533   000000000000020000000019187   0001019300008784              
00481582054900183985520000003179108   000000000000200000000497345   0000139500008785              
00481582054900183985433778907945007   000000000000010000000815638   0002711500008786              
00481582054900183984023100501380029   000000000000008000000211379   0002057800008787              
00481582054900183985520030016984004   000000000000003000000333747   0002449100008790              
00481582054900183985239531008902971   000000000000050000000019191   0001285400008791              
00481582054900183985588520045911100   000000000000010000000158750   0000033000008792              
00481582054900183984311951000510461   000000000000010000000019194   0003687500008794              
00481582054900183984311951013656079   000000000000010000000019196   0003611400008795              
00481582054900183984365419981100731   000000000000200000000081046   0002114400008796              
00481582054900183985157130000274063   000000000000010000000211373   0000563100008798              
00481582054900183984579520306872102   000000000000020000000034172   0001418600008800              
00481582054900183984541847745358103   000000000000010000000009449   0002307000008803              
00481582054900183985520464803913001   000000000000006000000696019   0003836500008804              
00481582054900183984579600025152109   000000000000005000000333750   0003473800008805              
00481582054900183985157160104325305   000000000000010000000284785   0002571900008806              
00481582054900183985520466520118509   000000000000010000000884846   0002539300008808              
00481582054900183984688288705516609   000000000000030000000249234   0003840500008811              
00481582054900183984311951802080499   000000000000020000000019210   0002210800008813              
00481582054900183985520464813007802   000000000000015000000200935   0002749900008814              
00481582054900183984311951020801841   000000000000005000000019214   0003844300008815              
00481582054900183984023103700246769   000000000000003000000211368   0001929700008817              
00481582054900183984637890300579601   000000000000010000000010099   0003844400008818              
00481582054900183985521997710045309   000000000000010000000932361   0002950000008821              
00481582054900183984938227586744102   000000000000010000000493562   0002590600008822              
00481582054900183985409456802356709   000000000000020000000765614   0002983100008823              
00481582054900183984147631510754904   000000000000003000000333756   0003812600008824              
00481582054900183984311951042019604   000000000000010000014         0001689000008825              
00481582054900183984563198508271692   000000000000005000000019220   0001316800008827              
00481582054900183985521995728000472   000000000000010000000969253   0002753900008829              
00481582054900183985239531004533416   000000000000050000000019223   0002515900008831              
00481582054900183984311951017126533   000000000000020000000019224   0001412700008832              
00481582054900183984688280700099301   000000000000005000000449237   0002924200008834              
00481582054900183984147630010364909   000000000000020000000333761   0002924900008835              
00481582054900183983563518101820870   000000000000002000000019233   0003590600008837              
00481582054900183985241060280020811   000000000000050000000211355   0001193500008839              
00481582054900183985241150325451400   000000000000010000000010102   0003856300008840              
00481582054900183984311789600782506   000000000000015000000635021   0001758400008841              
00481582054900183984058650203939702   000000000000005000000010103   0001845300008843              
00481582054900183985433777310855001   000000000000010000000552828   0002578400008844              
00481582054900183984579530502120503   000000000000010000000034179   0000210100008845              
00481582054900183984182301080133998   000000000000010000000019239   0003860000008846              
00481582054900183985241313603365409   000000000000010000000549238   0003309500008847              
00481582054900183984380456743726107   000000000000012000000333767   0003712500008848              
00481582054900183984063760400178393   000000000000020000000211349   0001497400008849              
00481582054900183984579586653264102   000000000000020000000040306   0003862200008850              
00481582054900183983560900100414306   000000000000005000000661901   0003862400008851              
00481582054900183985520464500403900   000000000000005000000028617   0003863000008852              
00481582054900183984311780119733007   000000000000003000000907487   0001655300008854              
00481582054900183985241060200528174   000000000000010000000211344   0001548300008857              
00481582054900183984311951803386325   000000000000010000000019251   0003865800008858              
00481582054900183984503070019289088   000000000000010000000081051   0000487100008860              
00481582054900183984509502170157187   000000000000010000000000410   0002967600008861              
00481582054900183985433738960007830   000000000000003000000597239   0001865700008863              
00481582054900183985408422200407388   000000000000010000000211342   0003025800008864              
00481582054900183984682350000023602   000000000000010000000041783   0003874700008869              
00481582054900183984311780239944724   000000000000010000000590681   0003832600008870              
00481582054900183985521994360015203   000000000000010000000644968   0003874800008872              
00481582054900183985522358800029050   000000000000005000000295370   0001091700008873              
00481582054900183984392377362000200   000000000000020000000369235   0003874900008874              
00481582054900183985520009600370614   000000000000005000000996490   0003469100008875              
00481582054900183984311951022967772   000000000000008500000019260   0000582400008876              
00481582054900183985153520000579293   000000000000010000000532988   0001046800008877              
00481582054900183985521292004192466   000000000000003000000R93074   0003876000008878              
00481582054900183984637818005077100   000000000000010000000034186   0000152800008879              
00481582054900183984365399916938233   000000000000003000000081053   0000724400008880              
00481582054900183984688143920705901   000000000000010000000000411   0000116700008884              
00481582054900183984688143920705901   000000000000010000000000412   0003882900008885              
00481582054900183984003538601151697   000000000000002000000103502   0003874300008886              
00481582054900183984182301009064985   000000000000040000000019268   0002198400008888              
00481582054900183985241084300337609   000000000000010000000133084   0000092900008889              
00481582054900183985156115005860405   000000000000020000005         0002050700008892              
00481582054900183984380450190067305   000000000000010000000333784   0002798300008898              
00481582054900183984705380179733015   000000000000002000005         0003810400008899              
00481582054900183984987136500585600   000000000000008000000024930   0002490000008900              
00481582054900183984380451598258306   000000000000021000000333787   0003889600008901              
00481582054900183985148691006300972   000000000000050000000211328   0003424000008902              
00481582054900183984147631600760605   000000000000010000000333789   0003343700008903              
00481582054900183985520464823383409   000000000000003000000306822   0003893300008904              
00481582054900183984392370123778909   000000000000010000000717639   0001277200008905              
00481582054900183985520467600759501   000000000000006000000379460   0001746700008906              
00481582054900183984695850023085004   000000000000007000000032367   0002954900008907              
00481582054900183984182301004996744   000000000000010000000019282   0003631400008909              
00481582054900183985453051123933800   000000000000010000000448965   0002462700008910              
00481582054900183984423555980164903   000000000000010000000071726   0002658100008911              
00481582054900183985520000147617104   000000000000010000000059431   0000542100008912              
00481582054900183984523841211485567   000000000000010000000000413   0002334700008914              
00481582054900183985242630007892103   000000000000010000000101614   0001359400008916              
00481582054900183984503070786809944   000000000000010000000081054   0002436900008918              
00481582054900183984503070705119946   000000000000003000000081055   0003897200008920              
00481582054900183984601996427545102   000000000000005000000338907   0003812900008921              
00481582054900183985148691081770974   000000000000030000000211317   0002210200008923              
00481582054900183984311780130128401   000000000000002000000162408   0001731400008924              
00481582054900183984563130209305016   000000000000010000000663983   0001685700008926              
00481582054900183984311785403031836   000000000000050000000598010   0003848800008927              
00481582054900183984682363000041573   000000000000010000000071728   0002853300008930              
00481582054900183984392370767000099   000000000000020000000767837   0002498300008931              
00481582054900183984682365838893513   000000000000020000000071729   0003236200008932              
00481582054900183985441350008702206   000000000000002000000883124   0001814400008933              
00481582054900183984563181001788503   000000000000020000000582589   0000333700008934              
00481582054900183984182301005400795   000000000000010000000019288   0001318200008936              
00481582054900183984563020071150600   000000000000010000000918760   0000463700008937              
00481582054900183984563186305399204   000000000000020000000330832   0003905800008938              
00481582054900183984563130086040801   000000000000100000000842723   0002476200008939              
00481582054900183984682365868261045   000000000000010000000071731   0002774600008940              
00481582054900183984514450203011406   000000000000030000000034193   0001038200008941              
00481582054900183985588650029131100   000000000000010000000700220   0003907200008942              
00481582054900183985520000108055302   000000000000050000000951049   0003288600008943              
00481582054900183985520466511010202   000000000000020000000829201   0003007800008944              
00481582054900183984682365800473195   000000000000015000000071732   0002895600008945              
00481582054900183985148725000032908   000000000000005000041         0003574400008947              
00481582054900183984579630013803504   000000000000040000000082745   0001311300008948              
00481582054900183984311780193403808   000000000000010000000595812   0001896500008949              
00481582054900183984695878500495602   000000000000003000000449248   0002657300008951              
00481582054900183984311780219043802   000000000000004000000983062   0003911200008953              
00481582054900183984311789900432901   000000000000100000000946495   0000905900008955              
00481582054900183985241150325420504   000000000000010000000010121   0002596100008956              
00481582054900183985520468902382810   000000000000010000000385792   0000674700008957              
00481582054900183984637890101462908   000000000000010000000010122   0002591900008958              
00481582054900183985433728503423586   000000000000010000000019310   0000020800008959              
00481582054900183984182301002282550   000000000000005000000019311   0003148000008960              
00481582054900183984311780144850602   000000000000050000000485026   0001911100008963              
00481582054900183985408422200498486   000000000000020000000211300   0000167600008964              
00481582054900183985241060001751751   000000000000050000000211295   0001430200008965              
00481582054900183984038798280231041   000000000000010000000597242   0001943700008967              
00481582054900183984258980013247105   000000000000050000000166960   0002777200008968              
00481582054900183985148691005373525   000000000000010000000211291   0002265700008969              
00481582054900183985222328010040349   000000000000005000000597243   0003435200008971              
00481582054900183984147631699929103   000000000000010000057         0003915800008972              
00481582054900183984182301008432514   000000000000005000000019321   0001440700008973              
00481582054900183985520005800313347   000000000000010000000421542   0003916700008975              
00481582054900183985433777501500606   000000000000005000000145506   0003916800008976              
00481582054900183984147631602132209   000000000000010000000333833   0001045900008977              
00481582054900183983566706605357005   000000000000100000000010126   0000767500008980              
00481582054900183983569694500771602   000000000000100000041         0001377500008981              
00481582054900183985521991250015806   000000000000010000000048814   0000436000008982              
00481582054900183984311951055259923   000000000000010000000019327   0000709200008983              
00481582054900183985520465504769600   000000000000005000000554981   0001053400008984              
00481582054900183984029876505662306   000000000000005000000307602   0002205600008985              
00481582054900183984147630012143301   000000000000005000000333838   0001941700008986              
00481582054900183984284400200318468   000000000000006000000087315   0000000100008987              
00481582054900183985520464905884001   000000000000010000000745194   0001159900008989              
00481582054900183984889760000049285   000000000000020000000351084   0001487400008990              
00481582054900183984380451002276704   000000000000100000000333841   0001716000008991              
00481582054900183985241089400934403   000000000000050000000805768   0001912900008992              
00481582054900183983565538600262208   000000000000030000000712285   0002063000008993              
00481582054900183984258980006697100   000000000000100000000169201   0002153500008994              
00481582054900183985239531001075874   000000000000010000000019334   0002506200008995              
00481582054900183985466960010344209   000000000000030000000211278   0003936900008996              
00481582054900183985521294000052652   000000000000050000000R93075   0003920700008997              
00481582054900183984563130210378804   000000000000030000000332658   0003926700009000              
00481582054900183984057010001520108   000000000000020000000059813   0001246100009001              
00481582054900183984563181001953404   000000000000010000000248368   0003577700009004              
00481582054900183984639130541990129   000000000000015000000091452   0001793700009005              
00481582054900183984380451596430402   000000000000002000054         0002332500009007              
00481582054900183984726358304887307   000000000000010000000034203   0000203100009008              
00481582054900183984392375488000732   000000000000010000000462660   0003940100009009              
00481582054900183985239766080000266   000000000000003000005         0003624500009010              
00481582054900183984284300101384918   000000000000007000000211266   0002451700009011              
00481582054900183985157160104372406   000000000000010000000961225   0003941000009012              
00481582054900183983565620113380709   000000000000020000000010134   0000307300009014              
00481582054900183985521970201124016   000000000000010000041         0004911000009015              
00481582054900183985433746005265800   000000000000010000000054294   0003419600009017              
00481582054900183984579673300178107   000000000000010000000208795   0002971200009018              
00481582054900183984311780192487406   000000000000300000000635968   0002485800009020              
00481582054900183984182301008249298   000000000000010000000019350   0000224900009021              
00481582054900183984380450131724709   000000000000010000000333860   0002595700009022              
00481582054900183984503070031743948   000000000000012000000081062   0002969600009023              
00481582054900183984637817905347902   000000000000010000000034206   0001326100009024              
00481582054900183984311789704577802   000000000000010000000774111   0003945200009025              
00481582054900183984682365099136305   000000000000060000000071734   0002087000009026              
00481582054900183984688288800872709   000000000000050000000249252   0000558700009027              
00481582054900183984563189202584605   000000000000010000000279540   0002087200009028              
00481582054900183984563130208571303   000000000000040000000060944   0003275200009029              
00481582054900183984907080013716145   000000000000030000000115987   0000066400009030              
00481582054900183984563198080682217   000000000000010000000019358   0002296600009031              
00481582054900183984579520209406206   000000000000002000000034210   0001730500009032              
00481582054900183985157130000393749   000000000000020000000211247   0003947600009033              
00481582054900183984029876503399802   000000000000010000000476259   0001474000009034              
00481582054900183984023103401789646   000000000000020000000211244   0002460000009035              
00481582054900183985520465513295209   000000000000010000000444820   0003897100009036              
00481582054900183985433811105047605   000000000000010000000034212   0003674400009039              
00481582054900183985428027748569502   000000000000006000000013839   0003215800009040              
00481582054900183984029876506430208   000000000000010000000899914   0001776000009041              
00481582054900183984637818319135701   000000000000005000000034214   0003738800009042              
00481582054900183985520464704136405   000000000000001000000845518   0003954200009045              
00481582054900183984682363000095835   000000000000010000000071737   0003868500009046              
00481582054900183984863751723982100   000000000000001000000175782   0003746100009047              
00481582054900183983565580706143700   000000000000010000000333874   0003353500009048              
00481582054900183983565580706143700   000000000000010000000333876   0003353500009049              
00481582054900183985521990122492706   000000000000050000000305056   0001178000009052              
00481582054900183984182301008948279   000000000000005000000019372   0003954900009053              
00481582054900183985433710099890808   000000000000020000000333878   0001456500009054              
00481582054900183985520000157077108   000000000000010000000846406   0001528600009055              
00481582054900183985433810200086500   000000000000005000000034216   0003306300009056              
00481582054900183984023100013436962   000000000000030000000211232   0000103800009057              
00481582054900183984182301005403211   000000000000035000000019381   0002463300009059              
00481582054900183985242634996800101   000000000000003000000993006   0002768100009060              
00481582054900183984284300100866733   000000000000002000000211231   0003838400009062              
00481582054900183983567536566113108   000000000000003000000177998   0001155600009063              
00481582054900183984503070779267027   000000000000002000000081066   0003744400009064              
00481582054900183984029874503719301   000000000000005000000091059   0002952500009065              
00481582054900183984748320000064676   000000000000060000000211228   0001504400009066              
00481582054900183984311951054673827   000000000000005000000019386   0001040300009067              
00481582054900183985239531005053042   000000000000100000000019388   0001231800009068              
00481582054900183984503070088484834   000000000000001000000081067   0003088400009069              
00481582054900183984563130203776303   000000000000003000000455515   0000022700009070              
00481582054900183984563130209305016   000000000000010000000779679   0001685700009072              
00481582054900183984147631511831107   000000000000010000000333890   0002854300009073              
00481582054900183985433777501402308   000000000000005000000810769   0004936600022974              
00481582054900183984563198513417363   000000000000010000000019395   0003421300022978              
00481582054900183985241060201684257   000000000000010000000211224   0004941100022980              
00481582054900183984385820000777290   000000000000010000000211221   0000122900022981              
00481582054900183984503070756009038   000000000000020000000081069   0002070100022994              
00481582054900183984311789600013001   000000000000020000000707852   0000030200022997              
00481582054900183985521998867000238   000000000000010000005         0003958700023009              
00481582054900183984563180028720606   000000000000010000000159045   0001581000023010              
00481582054900183984182301002794455   000000000000020000000019398   0001149700023013              
00481582054900183984182301001215726   000000000000010000000019399   0000623300023014              
00481582054900183984695856813108203   000000000000002000000051179   0000749800023018              
00481582054900183984579511001236404   000000000000010000000010142   0003616900023044              
00481582054900183985521970017066609   000000000000050000000211215   0001886400023045              
00481582054900183984503070043766119   000000000000050000000081071   0000823000023046              
00481582054900183985520464811200508   000000000000010000000185661   0003492800023048              
00481582054900183984423555867566600   000000000000005000000071742   0001056000023049              
00481582054900183984284300000862345   000000000000005000000211213   0001963000023050              
00481582054900183985239766524000187   000000000000020000005         0002350700023051              
00481582054900183984023103400469729   000000000000003000000211210   0002734500023053              
00481582054900183984023100700710562   000000000000015000000211209   0003701300023054              
00481582054900183984503010099000389   000000000000008000012         0003228200023055              
00481582054900183985239531003691397   000000000000010000000019407   0000666300023056              
00481582054900183984705720000177405   000000000000030000000010146   0004951000023057              
00481582054900183984726358308143004   000000000000002000000034221   0001428800023058              
00481582054900183984147202136581046   00000000000010000000003895D   0002719400023059              
00481582054900183985521179301911609   000000000000005000000155047   0004950900023060              
00481582054900183984311951804261477   000000000000010000000019410   0004911000023069              
00481582054900183985408942080721541   000000000000020000005         0002075300023070              
00481582054900183985239531005389867   000000000000030000000019412   0000845000023071              
00481582054900183985520541501171709   000000000000015000000010149   0000211600023072              
00481582054900183985239531009283199   000000000000010000000019414   0002117100023073              
00481582054900183984311951059308924   000000000000005000000019416   0002746400023074              
00481582054900183983565800000729552   000000000000100000000211203   0001492500023075              
00481582054900183985433746006457000   000000000000003000000421988   0003725400023076              
00481582054900183984514450001331204   000000000000010000000034223   0001683600023077              
00481582054900183985468580003676611   000000000000100000000796640   0000334100023090              
00481582054900183984311951002396109   000000000000003000000019423   0000785800023109              
00481582054900183985520464808881203   000000000000002000000706091   0004962200023116              
00481582054900183985239531007441138   000000000000100000000019426   0003807100023117              
00481582054900183985521970580543828   000000000000050000000211195   0000324500023118              
00481582054900183984147630008991309   000000000000020000000333904   0001242000023120              
00481582054900183984637818600676504   000000000000005000000034226   0001668600023123              
00481582054900183983567300151345108   000000000000300000000737330   0000331200023124              
00481582054900183984637896610132601   000000000000010000000010154   0003011800023147              
00481582054900183985241084500072907   000000000000010000000322859   0003298900023157              
00481582054900183984057605010271104   000000000000020000000928525   0000000900023164              
00481582054900183984682365818161030   000000000000010000000071743   0001747500023168              
00481582054900183985148848904931809   000000000000015000000349259   0001252000023184              
00481582054900183984688143970621487   000000000000015000000000422   0000758800023188              
00481582054900183985560485014004182   000000000000015000000347624   0004966200023192              
00481582054900183985588150006707105   000000000000050000000928843   0003773200023198              
00481582054900183984514450002545307   000000000000005000000034228   0002154100023199              
00481582054900183984636706700083229   000000000000010000000939662   0003973200023200              
00481582054900183985520465501434000   000000000000003000000568487   0003004800023202              
00481582054900183985228315999000059   000000000000700000000512062   0001905100023203              
00481582054900183984392371613000382   000000000000005000000417350   0002996800023204              
00481582054900183984637817907199004   000000000000003000000034229   0004977000023206              
00481582054900183985148691081302851   000000000000010000000211189   0001308600023211              
00481582054900183984003538600061012   000000000000010000000412286   0000689100023212              
00481582054900183984503070049287474   000000000000010000000081077   0002803300023213              
00481582054900183984503070766694340   000000000000010000000081079   0002654100023214              
00481582054900183984695868800272306   000000000000010000000549260   0004984000023215              
00481582054900183985408291001543133   000000000000005000000019445   0001816800023217              
00481582054900183985148848918012208   000000000000010000000549261   0004984300023221              
00481582054900183984563111002616403   000000000000010000000211185   0000151800023223              
00481582054900183984380450192321205   000000000000020000000333919   0000848500023224              
00481582054900183983565623300106002   000000000000005000000010157   0001721700023226              
00481582054900183985520464824091902   000000000000010000000741617   0000615900023227              
00481582054900183985241960004499300   000000000000050000012         0001302400023228              
00481582054900183985520464801130509   000000000000002000000906030   0001938700023229              
00481582054900183984503070007883462   000000000000009000000081080   0004984400023230              
00481582054900183985522350001156535   000000000000030000000231530   0000170100023233              
00481582054900183984029874503357904   000000000000005000000538067   0003918000023234              
00481582054900183984023103402450628   000000000000050000000211182   0002016700023236              
00481582054900183984027526008361904   000000000000010000000005004   0003785200023238              
00481582054900183984695876201519001   000000000000010000000749263   0002887600023239              
00481582054900183984057010000465800   000000000000005000000046390   0001174500023245              
00481582054900183985148848918628300   000000000000010000000749264   0002829200023252              
00481582054900183984023103401693160   000000000000050000000211176   0000764100023255              
00481582054900183984365419944005837   000000000000005000000081081   0003645900023256              
00481582054900183984907071294202103   000000000000010000000945162   0000534700023257              
00481582054900183984365399902309753   000000000000002500000081082   0003157700023258              
00481582054900183984311951804258275   000000000000020000000019461   0003106800023262              
00481582054900183985520000134498203   000000000000010000000239342   0005091600023264              
00481582054900183985468580006043611   000000000000010000000411088   0000722400023266              
00481582054900183984311780185631200   000000000000010000000782280   0001536200023270              
00481582054900183985241060201672476   000000000000008800000211173   0000164400023273              
00481582054900183985521970200860305   000000000000010000000211172   0000657200023279              
00481582054900183984003590050755304   000000000000050000000061127   0003598400023280              
00481582054900183984311780239958294   000000000000020000000503139   0003814300023287              
00481582054900183985241960008182902   000000000000010000000010168   0001651400023288              
00481582054900183984311780149775507   000000000000001000000662292   0003163300023291              
00481582054900183984311951010356103   000000000000020000000019469   0001567500023292              
00481582054900183984392375817000536   000000000000017000000315416   0002212100023293              
00481582054900183985520464911226403   000000000000010000000519003   0003549300023294              
00481582054900183984365419966549225   000000000000050000000081084   0002490700023296              
00481582054900183984579576904428705   000000000000010000000273599   0000206000023298              
00481582054900183984182301004433102   000000000000010000000019475   0005097700023300              
00481582054900183984182301006637635   000000000000005000000019478   0003419800023302              
00481582054900183984147630021544705   000000000000006000000333936   0005101000023307              
00481582054900183984705380190355020   000000000000002000000637900   0003052900023311              
00481582054900183985520464804118402   000000000000003000000049327   0001348800023313              
00481582054900183984029876504540305   000000000000003000000119602   0005101800023314              
00481582054900183984563130062711409   000000000000010000000897848   0002368100023315              
00481582054900183985148693480050479   000000000000005000000211164   0002860600023317              
00481582054900183985148690400342127   000000000000019000000211161   0001687200023318              
00481582054900183984311780240581218   000000000000030000000436311   0001936900023321              
00481582054900183985521975700067194   000000000000015000000211159   0003675400023327              
00481582054900183985521970007632105   000000000000010000000211158   0003019100023330              
00481582054900183984365399914869273   000000000000010000000081087   0000757100023331              
00481582054900183985520009700098701   000000000000005000000973063   0003280700023333              
00481582054900183984688288016884902   000000000000003000000149267   0002693700023335              
00481582054900183985239767218000079   000000000000010000000611334   0003140000023337              
00481582054900183984579577600201909   000000000000010000000497843   0003397100023339              
00481582054900183985433746016063095   000000000000010000000172991   0000981600023340              
00481582054900183984003538601197013   000000000000007000000158947   0002883000023343              
00481582054900183984563198080363701   000000000000010000000019499   0002303000023344              
00481582054900183985211298801002589   000000000000030000005         0003666600023348              
00481582054900183985520000120126305   000000000000005000000899127   0003153000023354              
00481582054900183985433838200054905   000000000000010000000860111   0000858100023356              
00481582054900183984696560004893701   000000000000015000000010179   0001705100023357              
00481582054900183985147388010011387   000000000000050000000597253   0000821200023358              
00481582054900183984023103404088806   000000000000100000000211147   0001661300023362              
00481582054900183984870238005733824   000000000000010000057         0002634500023363              
00481582054900183984311951051104339   000000000000010000054         0000943300023364              
00481582054900183984147630007889900   000000000000100000000333946   0003536700023367              
00481582054900183984311781310191409   000000000000005000000530904   0000194900023369              
00481582054900183984563198580926692   000000000000020000000019512   0004934800023372              
00481582054900183985148691004917751   000000000000010000000211142   0005113100023381              
00481582054900183985521970200678707   000000000000060000000211140   0002420900023383              
00481582054900183984889760000055159   000000000000020000000142134   0001686900023384              
00481582054900183984695856853589205   000000000000010000000067758   0004907300023389              
00481582054900183985148691081559054   000000000000010000000211134   0003666700023391              
00481582054900183984392373552000696   000000000000050000000848145   0000495400023392              
00481582054900183984907100043694102   000000000000025000000847907   0002958400023394              
00481582054900183985241700000267925   000000000000016860000841539   0003900000023395              
00481582054900183984688143970902630   000000000000010000000000426   0005114300023396              
00481582054900183985520491001548479   000000000000050000000019520   0000473800023397              
00481582054900183984182301005769843   000000000000038000000019521   0001358000023398              
00481582054900183985520005402863707   000000000000100000000301897   0001922600023399              
T00076700015920050020140325152442                                                                 
