00481582054900183984311951000644849   000000000000005000000089279   0001774900003716              
00481582054900183984029876904507904   000000000000010000000178465   0000194900004467              
00481582054900183985433728502431101   000000000000010000000089281   0000500000004632              
00481582054900183984311951012472692   000000000000010000000089282   0001536300004655              
00481582054900183984563191012892889   000000000000010000000089284   0002131700004903              
00481582054900183984563198006171030   000000000000005000000089286   0002161900005066              
00481582054900183984423555914654912   000000000000010000000087902   0000234900005230              
00481582054900183984311951016724205   000000000000010000000089289   0000003200005246              
00481582054900183985408291002244160   000000000000010000000089293   0001387200005446              
00481582054900183984311951019296623   000000000000010000000089294   0001175200005466              
00481582054900183984563198704214181   000000000000003000000089295   0002087100005507              
00481582054900183984067691797580105   000000000000003500000083197   0002435700005707              
00481582054900183984056503804360103   000000000000010000000849182   0000545500005839              
00481582054900183985148991683286100   000000000000005000000083105   0002482200005895              
00481582054900183984050587800199009   000000000000003000005         0001166500005946              
00481582054900183985433749201331806   000000000000003000000046921   0001034000005963              
00481582054900183983563790000143403   000000000000030000000114082   0000288600006019              
00481582054900183984579520302466800   000000000000010000000013279   0000786500006089              
00481582054900183985289500371000035   000000000000005000005         0001168100006109              
00481582054900183985289500371000035   000000000000005000005         0001168100006110              
00481582054900183984311951011534773   000000000000030000000089304   0001235100006214              
00481582054900183984311951012299673   000000000000010000000089306   0000194300006262              
00481582054900183984682365047676832   000000000000100000007         0002609300006272              
00481582054900183984038508910753102   000000000000005000000842386   0002050100006327              
00481582054900183984563018505993553   000000000000010000000089310   0002630700006341              
00481582054900183984311951018337477   000000000000003000014         0001830300006361              
00481582054900183984380456723937302   000000000000010000000849188   0000119300006377              
00481582054900183984563018010117235   000000000000005000000089312   0002133600006381              
00481582054900183984579600011583416   000000000000002000000849190   0000871400006400              
00481582054900183984579576904428705   000000000000010000000157455   0000206000006402              
00481582054900183984311951020613634   000000000000002000000089313   0001679100006418              
00481582054900183985433721012242589   000000000000005000000089315   0001793400006449              
00481582054900183985520491800005697   000000000000010000014         0002506400006486              
00481582054900183984514452412688008   000000000000010000000013281   0002531800006510              
00481582054900183984579669355000014   000000000000006000000432350   0000761300006530              
00481582054900183984579669355000014   000000000000006000000090472   0000761300006531              
00481582054900183985409661900205902   000000000000030000000013282   0000057600006574              
00481582054900183984311780103125103   000000000000010000000708731   0000174500006606              
00481582054900183984311780160395607   000000000000010000000065039   0002534800006618              
00481582054900183985520000000945204   000000000000010000000754957   0000970600006619              
00481582054900183985409910001619119   000000000000020000000055532   0000791000006641              
00481582054900183985520540600400308   000000000000016890005         0002772500006651              
00481582054900183984311780119772609   000000000000010000000383671   0002509000006657              
00481582054900183984311780101600610   000000000000010000000000699   0001531300006682              
00481582054900183985521179016998909   000000000000020000000987162   0002679300006687              
00481582054900183985289505145000062   000000000000010000000580203   0002640000006698              
00481582054900183985522358800188492   000000000000002000000953500   0001407100006717              
00481582054900183985544322200084309   000000000000005000000346143   0000746700006719              
00481582054900183985222180012041100   000000000000010000000564160   0001994400006723              
00481582054900183985240330028428118   000000000000010000000564405   0000885500006726              
00481582054900183984636703203633105   000000000000002000000708657   0002801000006730              
00481582054900183985240330028428118   000000000000005000000764039   0000885500006731              
00481582054900183985520491007477939   000000000000010000000089330   0001461000006744              
00481582054900183984311780108484307   000000000000005000000932600   0001455000006745              
00481582054900183985123660961546100   000000000000010000000764270   0001663400006747              
00481582054900183984311780136691709   000000000000010000000866110   0001832700006748              
00481582054900183984067701711550108   000000000000020000000089761   0000836900006765              
00481582054900183984579530208549500   000000000000010000000013286   0000786300006780              
00481582054900183984514450003365200   000000000000004000000013287   0002629100006817              
00481582054900183983565683876000039   000000000000010000000331866   0001153900006838              
00481582054900183985521997970013708   000000000000010000000193827   0000544500006882              
00481582054900183984563188444696805   000000000000003000000477117   0002778200006884              
00481582054900183985520000154692206   000000000000002000000770325   0002415900006902              
00481582054900183985520000154692206   000000000000003000000502328   0002415900006903              
00481582054900183984311780113233400   000000000000030000000244608   0001055200006920              
00481582054900183984058650209247902   000000000000005000000013332   0000768900006927              
00481582054900183984058650209247902   000000000000005000000013333   0000768900006928              
00481582054900183985520491007949077   000000000000010000000089337   0001781500006933              
00481582054900183984392375139000610   000000000000050000000166443   0004005000006942              
00481582054900183984058650004975905   000000000000001000000013338   0002290600006946              
00481582054900183984579522411724103   000000000000010000000013289   0001387000006970              
00481582054900183985521970700899811   000000000000005000000007034   0000829900006981              
00481582054900183985543920147217766   000000000000030000000183278   0002518500006984              
00481582054900183983565684544000005   000000000000010000000140777   0000702300007039              
00481582054900183984311789713795304   000000000000050000000608395   0001854200007052              
00481582054900183985457451322915101   000000000000010000000143385   0000908700007073              
00481582054900183984563198701044334   000000000000005000000089344   0002928500007080              
00481582054900183984563198701044334   000000000000005000000089345   0002928500007081              
00481582054900183984563198100809261   000000000000010000000089346   0002061500007083              
00481582054900183984311780204378403   000000000000010000000238448   0001390500007085              
00481582054900183985179517304111708   000000000000010000000013291   0002279500007106              
00481582054900183985148691081482471   000000000000005000000007028   0001030800007125              
00481582054900183984311785401834819   000000000000020000000045272   0000229600007142              
00481582054900183984503070047207995   000000000000005000000095875   0000544800007145              
00481582054900183984096792771000006   000000000000060000000870588   0000833600007160              
00481582054900183984311780216820301   000000000000030000000160072   0002025000007177              
00481582054900183984311780117160203   000000000000001500000269569   0002399500007181              
00481582054900183985408059400451301   000000000000002000005         0002985200007196              
00481582054900183984563191004400600   000000000000002000000089357   0003002600007212              
00481582054900183984563191004400600   000000000000002000000089358   0003002700007213              
00481582054900183984563191004400600   000000000000002000000089359   0003002800007214              
00481582054900183985239531003091028   000000000000200000005         0001739500007216              
00481582054900183985148691081593061   000000000000010000000007021   0000029700007235              
00481582054900183985543920183051384   000000000000002000000409039   0003015700007240              
00481582054900183985521970007632105   000000000000020000000007020   0003019100007250              
00481582054900183985520468906848907   000000000000010000000268028   0001291800007261              
00481582054900183985521170200557700   000000000000001000000940375   0003026100007264              
00481582054900183983567333005546100   000000000000002000000135252   0003399300007265              
00481582054900183985457451382031112   000000000000005000000990056   0001286400007273              
00481582054900183984563018701063029   000000000000010000000089366   0003035600007293              
00481582054900183985520000124423807   000000000000030000000608525   0000606100007302              
00481582054900183984688143970613674   000000000000010000000009449   0000495700007307              
00481582054900183984392379287000158   000000000000007500000183808   0001683500007311              
00481582054900183985521970016768908   000000000000010000000007012   0000251000007322              
00481582054900183985520000114732803   000000000000005000000001229   0001101500007333              
00481582054900183984025138910144071   000000000000001000000842388   0002868700007334              
00481582054900183985239531008868743   000000000000010000000089370   0003079600007343              
00481582054900183985239531008868743   000000000000010000000089371   0003079600007344              
00481582054900183983567336506838108   000000000000015000000137470   0000181600007350              
00481582054900183984365419953714667   000000000000025000000095876   0000171100007351              
00481582054900183985140231040967102   000000000000010000005         0003011800007368              
00481582054900183984023100012911460   000000000000001000000007007   0002650400007372              
00481582054900183985148691000216026   000000000000010000000007006   0000280800007402              
00481582054900183984380450798740105   000000000000020000000849222   0000902100007412              
00481582054900183984682365892629084   000000000000020000000087906   0003308100007414              
00481582054900183985239531009574225   000000000000100000000089378   0000832600007416              
00481582054900183985408422200423328   000000000000010000000007002   0001743500007425              
00481582054900183984311780115363809   000000000000001000000701284   0002030500007438              
00481582054900183985520030002120308   000000000000020000000849223   0000617300007440              
00481582054900183984392373144000162   000000000000010000000682356   0002518900007447              
00481582054900183984579611128350706   000000000000010000000849224   0001438100007449              
00481582054900183984311780174379704   000000000000010000000931204   0003101200007450              
00481582054900183984563186305213900   000000000000005000000592250   0003001800007464              
00481582054900183984563186305213900   000000000000005000000744780   0003001800007465              
00481582054900183984563028600355731   000000000000002500005         0003135300007466              
00481582054900183985239531000028809   000000000000010000000089387   0003142700007475              
00481582054900183985148729608330409   000000000000003000000013350   0003143400007482              
00481582054900183985239763501000181   000000000000020000000793903   0000318400007495              
00481582054900183984579600019048305   000000000000003000000849227   0002911400007496              
00481582054900183984392372545000391   000000000000010000000281696   0000486000007497              
00481582054900183984311780118694903   000000000000010000000430843   0003156200007500              
00481582054900183984639140156619194   000000000000002500000011317   0002854400007523              
00481582054900183984311951019027721   000000000000006000000089390   0003167400007525              
00481582054900183985452788807996907   000000000000010000000R21555   0003177500007526              
00481582054900183985239765940000060   000000000000005000000794203   0000903800007527              
00481582054900183984477570029881677   000000000000003000000881008   0003127700007531              
00481582054900183985408050032952907   000000000000010000000458924   0000322300007538              
00481582054900183984514454903266104   000000000000003000000013297   0002749400007603              
00481582054900183984514450003694401   000000000000010000000013298   0002891300007606              
00481582054900183984639140131513389   000000000000001000000007124   0002723600007633              
00481582054900183985240333000749105   000000000000300000000577020   0003249400007637              
00481582054900183985240333000749105   000000000000300000000777654   0003249400007638              
00481582054900183984563188445164209   000000000000003000000340550   0001920700007649              
00481582054900183984563018705934985   000000000000001000000089397   0002746100007657              
00481582054900183984311951009614736   000000000000120000014         0000176600007659              
00481582054900183984380450192379203   000000000000005000000849233   0000790900007660              
00481582054900183984682365072105368   000000000000060000000087907   0000709600007671              
00481582054900183985148691081689117   000000000000020000000006989   0001430000007689              
00481582054900183985521998500016401   000000000000010000000452320   0000117200007705              
00481582054900183984563139403613604   000000000000010000000875917   0002424200007714              
00481582054900183984563186305121608   000000000000006000000684690   0001959800007719              
00481582054900183985148691004651905   000000000000010000000006987   0000243700007745              
00481582054900183985452790070894405   000000000000005000000R21556   0003279400007750              
00481582054900183984311780167344608   000000000000005000005         0001912400007760              
00481582054900183984311789713138109   000000000000010000000626201   0003980100007763              
00481582054900183984311780136862003   000000000000010000000609272   0002027600007769              
00481582054900183984503070010365796   000000000000010000000095879   0001721400007791              
00481582054900183984311951022145734   000000000000005000000089407   0001547500007792              
00481582054900183985521995374000263   000000000000005000000714329   0003303900007811              
00481582054900183984563130045442221   000000000000010000000833599   0001993800007816              
00481582054900183984392379460000405   000000000000005000000505826   0001325900007827              
00481582054900183984563018507527920   000000000000010000005         0001375000007828              
00481582054900183985239531001566500   000000000000020000000089410   0003316200007829              
00481582054900183985179517302596108   000000000000006000014         0001938100007848              
00481582054900183984563198108456321   000000000000005000014         0001584400007863              
00481582054900183984682365854433863   000000000000010000000087909   0003280400007864              
00481582054900183985521997960018709   000000000000005000000544263   0002162400007867              
00481582054900183985521997960018709   000000000000005000000372699   0001510800007868              
00481582054900183984025951718608505   000000000000010000000766486   0001288300007881              
00481582054900183984637890200931704   000000000000005000000013358   0000114700007887              
00481582054900183984563011012146534   000000000000002000000089418   0002216800007889              
00481582054900183984682365852153133   000000000000010000000087911   0003991400007891              
00481582054900183984056503802511509   000000000000020000000849240   0000689500007894              
00481582054900183985148991698869106   000000000000012000000145216   0001414900007896              
00481582054900183984311951043220342   000000000000003000000089420   0000778300007921              
00481582054900183984514450001352804   000000000000020000000013305   0000507600007924              
00481582054900183985520000130755002   000000000000005000000311766   0001628000007928              
00481582054900183984029876906972007   000000000000001000000710984   0003375700007930              
00481582054900183984029876906972007   000000000000001000000289225   0003376800007931              
00481582054900183984029876906972007   000000000000001000000152127   0003376900007932              
00481582054900183984514450001668100   000000000000010000000013306   0001520900007940              
00481582054900183985239769320000237   000000000000003000000403227   0003382400007942              
00481582054900183984365419919224199   000000000000005000000095882   0003382500007943              
00481582054900183984563188446340204   000000000000003000000369067   0003385600007947              
00481582054900183984579691738553501   000000000000002000000171597   0001646100007952              
00481582054900183985157130000575493   000000000000030000000006974   0001350200007965              
00481582054900183985242310000012500   000000000000005000000114431   0000544800007970              
00481582054900183985409621460539306   000000000000007000041         0001735100007977              
00481582054900183984514453601873807   000000000000010000000013308   0003117200007979              
00481582054900183985239761833000010   000000000000035000005         0000830000007986              
00481582054900183985241313602196904   000000000000035000000590402   0000830000007987              
00481582054900183984392370122257806   000000000000010000005         0002932900008026              
00481582054900183984688288800962609   000000000000005000000590403   0003425800008041              
00481582054900183985520000150080000   000000000000020000000127519   0003430200008044              
00481582054900183984038508911397966   000000000000010000000842392   0003416400008054              
00481582054900183984392372296000111   000000000000020000000162890   0000051700008058              
00481582054900183985433760017718904   000000000000010000000013366   0001731000008061              
00481582054900183985241080003962305   000000000000010000000598499   0000209100008063              
00481582054900183985239769962000123   000000000000010000000409282   0000027700008066              
00481582054900183984579600020440103   000000000000003000000849256   0003449600008071              
00481582054900183985520000144413101   000000000000020000000105600   0002424100008081              
00481582054900183984311780221705208   000000000000010000000320206   0003163500008082              
00481582054900183985521292033757891   000000000000010000000R21557   0001721600008092              
00481582054900183984579590009761605   000000000000010000000063284   0002386900008093              
00481582054900183984311951803374495   000000000000015000014         0000943300008098              
00481582054900183984311785402618609   000000000000050000000441541   0003490900008116              
00481582054900183985147380000092071   000000000000010000000842393   0001156500008129              
00481582054900183984563191801032705   000000000000010000000089437   0002859500008130              
00481582054900183984637817900050006   000000000000005000000013310   0001224400008131              
00481582054900183985242558880009893   000000000000005000000816912   0000646200008137              
00481582054900183984682364085864954   000000000000002000005         0003509600008143              
00481582054900183985520464702307313   000000000000005000000711385   0001609300008149              
00481582054900183984284300000485527   000000000000120000000006956   0000787700008164              
00481582054900183985148848918628300   000000000000010000000890405   0002829200008165              
00481582054900183984637818005659808   000000000000001000000013311   0003042300008166              
00481582054900183985433820010658703   000000000000003000000849257   0003313900008174              
00481582054900183985520030002120308   000000000000020000000849258   0000617300008184              
00481582054900183984503070083929023   000000000000010000000095885   0002550700008188              
00481582054900183984003538600911588   000000000000005000000169114   0003533500008189              
00481582054900183984003538600911588   000000000000002000000167975   0003533600008190              
00481582054900183984003538600911588   000000000000002000000121532   0003533600008191              
00481582054900183984003538600911588   000000000000001000000769684   0003533700008192              
00481582054900183984003538600911588   000000000000001000000446910   0002008500008193              
00481582054900183984003538600911588   000000000000001000000592278   0002008500008194              
00481582054900183984003538600911588   000000000000001000000125434   0003533800008195              
00481582054900183984863751681457103   000000000000030000000153976   0003322300008200              
00481582054900183985520466519227808   000000000000003000000948446   0002410500008203              
00481582054900183984057010000465800   000000000000005000000083071   0001174500008204              
00481582054900183985179512402785602   000000000000005000000013312   0003463800008211              
00481582054900183983560710101026805   000000000000010000000079558   0003545800008218              
00481582054900183984311780144182501   000000000000010000000731221   0000867000008222              
00481582054900183985521970500415941   000000000000010000000006949   0001771700008224              
00481582054900183984541850699300402   000000000000005000000090407   0003187700008228              
00481582054900183984392371736000590   000000000000010000000541576   0000676700008230              
00481582054900183984311951803017854   000000000000001000000089460   0003554500008241              
00481582054900183984695856881094301   000000000000030000000054078   0003545900008242              
00481582054900183984579600195359807   000000000000030000005         0001232300008250              
00481582054900183984741340000072807   000000000000010000000033051   0003560100008255              
00481582054900183984392370799000182   000000000000010000005         0002014800008258              
00481582054900183985241060200382838   000000000000005000000006943   0003561800008260              
00481582054900183984870238006155175   000000000000009000000986160   0003550500008265              
00481582054900183985408430908041003   000000000000003000005         0001825300008270              
00481582054900183984514453610309009   000000000000025000000013313   0001143500008274              
00481582054900183984365419972234481   000000000000005000000095887   0003085100008278              
00481582054900183984380450104444905   000000000000003000000849267   0002910200008280              
00481582054900183984182301002223471   000000000000010000000089462   0001061800008283              
00481582054900183985521990123840705   000000000000010000000665788   0002469000008287              
00481582054900183984563135100919500   000000000000030000000627289   0002184100008289              
00481582054900183985239531006109280   000000000000010000054         0001601700008295              
00481582054900183984637817904367703   000000000000020000000013315   0002932900008302              
00481582054900183984023100012843267   000000000000008500000006940   0000434900008307              
00481582054900183984029875908108404   000000000000060000000732908   0003592800008309              
00481582054900183984023100700875134   000000000000012000000006939   0002666000008310              
00481582054900183984503070086839328   000000000000005000000095890   0002343200008311              
00481582054900183985427007391219804   000000000000010000000539562   0001923000008322              
00481582054900183984423550014374107   000000000000005000000087916   0000433700008331              
00481582054900183985228315663000005   000000000000010000000155523   0001836500008332              
00481582054900183985228315663000005   000000000000010000000158332   0002065400008333              
00481582054900183985228315663000005   000000000000010000000262006   0002706700008334              
00481582054900183985228315663000005   000000000000010000000165311   0002065300008335              
00481582054900183985560485014025658   000000000000020000000509150   0000329400008339              
00481582054900183985468580002437494   000000000000010000005         0000722400008341              
00481582054900183984563270770021202   000000000000003000000006933   0003608400008347              
00481582054900183984380450195390009   000000000000030000000849273   0001156100008349              
00481582054900183985521970500568582   000000000000010000000006932   0000464900008350              
00481582054900183984311951003277217   000000000000005000000089469   0001031900008352              
00481582054900183985239531000065769   000000000000020000000089470   0002188000008355              
00481582054900183984682365813802810   000000000000010000000087918   0003614600008359              
00481582054900183985520540201577009   000000000000005000000013377   0003456400008363              
00481582054900183984311951803732213   000000000000020000000089472   0001787700008364              
00481582054900183985148691004072508   000000000000005000000006927   0003616500008366              
00481582054900183985520491009961443   000000000000002000054         0003625000008367              
00481582054900183984311780001606709   000000000000010000000384213   0000169600008368              
00481582054900183984311780001606709   000000000000120000000109800   0000169600008369              
00481582054900183984563189203574209   000000000000005000000672556   0003435100008373              
00481582054900183985239768925000329   000000000000006000000886306   0003417600008375              
00481582054900183984311951042911313   000000000000010000000089482   0003252600008376              
00481582054900183984023100580453010   000000000000005000000006921   0002297500008378              
00481582054900183984682363000034644   000000000000020000000087921   0003642500008387              
00481582054900183984637817905089405   000000000000002000000013318   0003642600008388              
00481582054900183985520468700174708   000000000000005000000553022   0002807900008390              
00481582054900183985242558846011652   000000000000020000000682863   0000043100008393              
00481582054900183985521294083957926   000000000000010000000R21558   0002353800008394              
00481582054900183984380451600855305   000000000000003000000849282   0002655700008396              
00481582054900183984380450157541409   000000000000005000000849283   0001006400008402              
00481582054900183985433814600941504   000000000000005000000013320   0001796600008404              
00481582054900183984281410400044064   000000000000002000000138342   0003543500008408              
00481582054900183984003538600009318   000000000000010000000152304   0000136700008410              
00481582054900183984688288801117302   000000000000020000000890412   0001773500008412              
00481582054900183984579611121357807   000000000000012000000849284   0000704000008413              
00481582054900183984637896602028304   000000000000005000000013397   0001905900008414              
00481582054900183985453056660270409   000000000000005000000788057   0001947100008418              
00481582054900183984311951800856403   000000000000005000000089492   0003343800008425              
00481582054900183984311951053500419   000000000000003000043         0003602500008429              
00481582054900183984579610141229202   000000000000010000000849285   0002753800008430              
00481582054900183985148848902737901   000000000000010000000990413   0000429500008432              
00481582054900183984182301009215447   000000000000010000000089494   0003668200008435              
00481582054900183984380450110389102   000000000000010000000849286   0001774400008436              
00481582054900183984023730001160503   000000000000008500000799885   0000342200008445              
00481582054900183984637818001657608   000000000000010000000013321   0003675600008447              
00481582054900183984392377172000200   000000000000002000000731361   0003676300008448              
00481582054900183984067691821768106   000000000000010000000164971   0001311900008453              
00481582054900183985452030001549509   000000000000003000000013399   0003348800008455              
00481582054900183985241150310878807   000000000000010000000013400   0000194900008456              
00481582054900183985520491800557838   000000000000010000000089502   0002217900008462              
00481582054900183984649616598000109   000000000000010000000775520   0003240000008466              
00481582054900183984514452404405007   000000000000005000000013322   0003693500008467              
00481582054900183984063763400004205   000000000000040000000006897   0001876300008468              
00481582054900183984147630022064208   000000000000005000000849289   0002980800008469              
00481582054900183985433749202683304   000000000000003000000814951   0003067200008472              
00481582054900183984563181000737303   000000000000100000000673319   0000111800008473              
00481582054900183984682365841816584   000000000000300000000087922   0002989300008475              
00481582054900183984579660133041107   000000000000010000000068854   0003701700008477              
00481582054900183985520491006341482   000000000000020000000089509   0002256100008480              
00481582054900183985521990012000429   000000000000010000000394485   0000638300008481              
00481582054900183984029876506117102   000000000000010000000851465   0001830200008482              
00481582054900183984579762713182903   000000000000010000000065140   0001429200008485              
00481582054900183985520030304181602   000000000000010000000849293   0002598900008487              
00481582054900183985520030304181602   000000000000010000000849292   0002598900008488              
00481582054900183985156115014009408   000000000000005000000215993   0003711800008490              
00481582054900183984563130064653203   000000000000010000000688413   0003714800008495              
00481582054900183984563191010594172   000000000000002000000089515   0003573600008502              
00481582054900183984311780207412704   000000000000010000000094992   0000324400008504              
00481582054900183985409660209011201   000000000000002000000013324   0003423700008506              
00481582054900183984147630702798703   000000000000010000000849297   0004982200008507              
00481582054900183984311951047659909   000000000000005000014         0003718600008508              
00481582054900183984380451001801304   000000000000100000054         0000069400008510              
00481582054900183984029876904482207   000000000000020000000802506   0002234900008512              
00481582054900183983560676857716503   000000000000005000000167349   0001053300008513              
00481582054900183985242558845028061   000000000000010000000079072   0002721900008514              
00481582054900183983567336500045106   000000000000010000000168397   0003452400008515              
00481582054900183984182301008196119   000000000000030000000089525   0001802700008519              
00481582054900183985428273460492842   000000000000010000000R52860   0000998900008528              
00481582054900183984579570802274402   000000000000010000000001871   0002201900008534              
00481582054900183984182301008874582   000000000000006000000089527   0003556800008537              
00481582054900183984579522900123304   000000000000006000000013325   0001322200008538              
00481582054900183984311951043732775   000000000000010000014         0001018300008551              
00481582054900183985222328280105111   000000000000080000000842407   0000348900008555              
00481582054900183984380450197903304   000000000000001000000849304   0003749800008558              
00481582054900183984503070024660109   000000000000020000000095895   0003189400008560              
00481582054900183983567430053198105   000000000000010000000859540   0003756700008567              
00481582054900183985241089400599503   000000000000010000000187657   0003466200008569              
00481582054900183984380450161302905   000000000000010000000849306   0001346300008570              
00481582054900183984182301007563368   000000000000010000000089530   0001346300008571              
00481582054900183985520541101224601   000000000000020000000013411   0001774200008583              
00481582054900183984182301007271517   000000000000020000000089531   0003591600008596              
00481582054900183984182301002829434   000000000000020000000089533   0000818500008604              
00481582054900183984377218800103363   000000000000010000000017009   0003333400008605              
00481582054900183984311780160810001   000000000000005000000543794   0001725300008607              
00481582054900183984311780007194700   000000000000010000000360915   0003776800008609              
00481582054900183985520004103126605   000000000000020000000293794   0000029300008618              
00481582054900183984311951021382452   000000000000006000000089539   0003777800008619              
00481582054900183985520491009310310   000000000000006000000089540   0000579000008621              
00481582054900183984311951013375951   000000000000030000014         0001048600008622              
00481582054900183984365419936927329   000000000000010000000095896   0001019600008625              
00481582054900183985241084301878304   000000000000050000000831366   0003564700008632              
00481582054900183985241084301878304   000000000000050000000828128   0003294900008633              
00481582054900183985241084301878304   000000000000050000000025976   0003071500008634              
00481582054900183985241084301878304   000000000000050000000634533   0002850600008635              
00481582054900183985520000128441003   000000000000012000000042754   0000482200008640              
00481582054900183985521974700719276   000000000000100000000006871   0002561800008647              
00481582054900183985148848906918309   000000000000003000000890422   0003009800008649              
00481582054900183984038508950022087   000000000000010000000842408   0001072100008652              
00481582054900183985228316319000035   000000000000020000000119498   0001724900008655              
00481582054900183985408050022984605   000000000000010000000536598   0003059200008658              
00481582054900183984392374981000125   000000000000010000000304981   0000237400008659              
00481582054900183983565710101252604   000000000000008500000219365   0002158700008660              
00481582054900183984541850699687105   000000000000010000000890423   0002603300008661              
00481582054900183985123088823005950   000000000000100000000502986   0002929900008662              
00481582054900183984705380106206770   000000000000003000005         0004872700008663              
00481582054900183984695876201519001   000000000000030000000990425   0002887600008666              
00481582054900183984365419998850815   000000000000070000000095897   0000661900008668              
00481582054900183984863751687889119   000000000000002000000173841   0003065400008670              
00481582054900183984056502801175704   000000000000010000000849319   0000093800008671              
00481582054900183985520469401311706   000000000000010000000660485   0002457000008672              
00481582054900183984311951801964073   000000000000020000014         0003995100008673              
00481582054900183985521970080656047   000000000000040000000006861   0001556300008676              
00481582054900183985427007233287506   000000000000020000000709931   0000230000008677              
00481582054900183985239761278000186   000000000000010000000148064   0003790900008680              
00481582054900183984365409990391777   000000000000040000000095898   0002670200008681              
00481582054900183984311951803297183   000000000000010000014         0000126000008682              
00481582054900183984029876501171203   000000000000010000000213028   0003463500008683              
00481582054900183984365399902309753   000000000000003000000095899   0003157700008684              
00481582054900183984058650213989705   000000000000008500000013416   0002204300008685              
00481582054900183984311780234920901   000000000000010000000560442   0002986800008687              
00481582054900183984682365800283693   000000000000020000000087927   0002005500008689              
00481582054900183984579500021643004   000000000000010000091         0002244900008691              
00481582054900183985520000121741409   000000000000010000000430581   0000800100008694              
00481582054900183984726342900053019   000000000000002000000013328   0002103400008696              
00481582054900183984311951007796477   000000000000020000000089562   0000321500008697              
00481582054900183985520030306282309   000000000000030000000849336   0003011900008699              
00481582054900183985520000120126305   000000000000005000000872724   0003153000008701              
00481582054900183985148691005128994   000000000000010000000006853   0003211100008702              
00481582054900183984579675697000026   000000000000010000000756074   0002587900008703              
00481582054900183984182301001442023   000000000000005000043         0002809600008705              
00481582054900183984311780222712906   000000000000003000000172821   0003299200008706              
00481582054900183985157130000613914   000000000000010000000006848   0001048700008707              
00481582054900183984514450208982304   000000000000020000000013329   0000597100008708              
00481582054900183985239531009095734   000000000000050000000089569   0002506300008709              
00481582054900183985408053302852203   000000000000010000000168802   0002518300008710              
00481582054900183985241960013064400   000000000000010000005         0002650500008711              
00481582054900183984579531502027102   000000000000075000000013330   0000522700008712              
00481582054900183985471728302346031   000000000000010000000696859   0000077200008713              
00481582054900183984311789605952500   000000000000001000000100149   0000921500008714              
00481582054900183984311951010356103   000000000000020000000089572   0001567500008715              
00481582054900183985241060001641374   000000000000010000000006844   0002171800008717              
00481582054900183985157130000062245   000000000000006000000006843   0001859600008719              
00481582054900183985520466402902806   000000000000016000000064853   0003604400008722              
00481582054900183984029876403196209   000000000000030000000136486   0003057300008723              
00481582054900183985239531004713380   000000000000010000000089578   0003809800008724              
00481582054900183984637817906519608   000000000000010000000013332   0002949000008726              
00481582054900183984380451594973007   000000000000001000005         0003416600008727              
00481582054900183984477570028324380   000000000000002000005         0000976800008729              
00481582054900183985240330045299104   000000000000060000000832368   0001331500008732              
00481582054900183984311780140998504   000000000000010000000253116   0001709900008733              
00481582054900183984003611000307028   000000000000100000000089583   0002230900008735              
00481582054900183984038508910823863   000000000000001000000842415   0002770700008736              
00481582054900183984311951047385257   000000000000002000014         0004016000008738              
00481582054900183984563198103000702   000000000000001000000089588   0003105400008740              
00481582054900183984649611362000039   000000000000010000005         0000237100008753              
00481582054900183984392375860000391   000000000000010000000275698   0003814400008754              
00481582054900183985471728300464703   000000000000010000000133853   0000812400008756              
00481582054900183984311780218955204   000000000000010000000414210   0002244100008757              
00481582054900183984688288000968307   000000000000005000000690427   0001407000008758              
00481582054900183984574110017781605   000000000000010000000031113   0000873800008760              
00481582054900183985520030030463407   000000000000010000000849359   0000075300008761              
00481582054900183985239531002828560   000000000000005000000089592   0003718600008762              
00481582054900183984063760000171111   000000000000200000000006827   0002559600008763              
00481582054900183985520464816599805   000000000000100000000909854   0000094000008766              
00481582054900183985520000121327308   000000000000006000000707947   0003820000008767              
00481582054900183985239531080107705   000000000000007000000089594   0001767400008768              
00481582054900183984987134500418906   000000000000002000000823753   0002595900008770              
00481582054900183985228310759000019   000000000001800000000606304   0001464400008771              
00481582054900183985520000124432501   000000000000020000000144368   0003467800008772              
00481582054900183984637817900203308   000000000000010000000013333   0000679000008773              
00481582054900183985409731271316131   000000000000010000041         0000053300008776              
00481582054900183985228310052000088   000000000000030000000710581   0003824100008777              
00481582054900183984311780238994308   000000000000003000000317312   0000720500008778              
00481582054900183985239531000166963   000000000000010000000089601   0003983900008779              
00481582054900183984311780231169304   000000000000030000000032011   0000142000008781              
00481582054900183984311780119853508   000000000000005000000041692   0003824400008783              
00481582054900183984311951017126533   000000000000020000000089603   0001019300008784              
00481582054900183985520000003179108   000000000000200000000327138   0000139500008785              
00481582054900183985433778907945007   000000000000010000000088953   0002711500008786              
00481582054900183984023100501380029   000000000000008000000006816   0002057800008787              
00481582054900183985520030016984004   000000000000003000000849361   0002449100008790              
00481582054900183985239531008902971   000000000000050000000089611   0001285400008791              
00481582054900183985588520045911100   000000000000010000000420228   0000033000008792              
00481582054900183984311951000510461   000000000000010000000089612   0003687500008794              
00481582054900183984311951013656079   000000000000010000000089614   0003611400008795              
00481582054900183984365419981100731   000000000000200000000095904   0002114400008796              
00481582054900183985157130000274063   000000000000010000000006814   0000563100008798              
00481582054900183984579520306872102   000000000000020000000013335   0001418600008800              
00481582054900183984579610106116204   000000000000025000000849366   0003836100008802              
00481582054900183984541847745358103   000000000000010000000185963   0002307000008803              
00481582054900183985520464803913001   000000000000006000000352896   0003836500008804              
00481582054900183984579600025152109   000000000000005000000849370   0003473800008805              
00481582054900183985157160104325305   000000000000010000000314959   0002571900008806              
00481582054900183985520000158654509   000000000000005000041         0001803300008807              
00481582054900183985520466520118509   000000000000010000000554776   0002539300008808              
00481582054900183984688288705516609   000000000000030000000090433   0003840500008811              
00481582054900183984311951802080499   000000000000020000000089622   0002210800008813              
00481582054900183984311951020801841   000000000000005000000089623   0003844300008815              
00481582054900183984023103700246769   000000000000003000000006808   0001929700008817              
00481582054900183984637890300579601   000000000000010000000013430   0003844400008818              
00481582054900183985521997710045309   000000000000010000000744646   0002950000008821              
00481582054900183984938227586744102   000000000000010000000446219   0002590600008822              
00481582054900183985409456802356709   000000000000020000000411387   0002983100008823              
00481582054900183984147631510754904   000000000000003000000849378   0003812600008824              
00481582054900183984311951042019604   000000000000010000014         0001689000008825              
00481582054900183984563198508271692   000000000000005000000089632   0001316800008827              
00481582054900183985521995728000472   000000000000010000000851827   0002753900008829              
00481582054900183985239531004533416   000000000000050000000089633   0002515900008831              
00481582054900183984311951017126533   000000000000020000000089634   0001412700008832              
00481582054900183984688280700099301   000000000000005000000290434   0002924200008834              
00481582054900183984147630010364909   000000000000020000000849382   0002924900008835              
00481582054900183983563518101820870   000000000000002000000089636   0003590600008837              
00481582054900183985241060280020811   000000000000050000000006800   0001193500008839              
00481582054900183985241150325451400   000000000000010000000013439   0003856300008840              
00481582054900183984311789600782506   000000000000015000000381282   0001758400008841              
00481582054900183984058650203939702   000000000000005000000013441   0001845300008843              
00481582054900183985433777310855001   000000000000010000000086445   0002578400008844              
00481582054900183984579530502120503   000000000000010000000013339   0000210100008845              
00481582054900183984182301080133998   000000000000010000000089640   0003860000008846              
00481582054900183985241313603365409   000000000000010000000390438   0003309500008847              
00481582054900183984380456743726107   000000000000012000000849389   0003712500008848              
00481582054900183984063760400178393   000000000000020000000006793   0001497400008849              
00481582054900183984579586653264102   000000000000020000000009860   0003862200008850              
00481582054900183983560900100414306   000000000000005000000841905   0003862400008851              
00481582054900183985520464500403900   000000000000005000000580238   0003863000008852              
00481582054900183984311780119733007   000000000000003000000229790   0001655300008854              
00481582054900183985241060200528174   000000000000010000000006788   0001548300008857              
00481582054900183984311951803386325   000000000000010000000089647   0003865800008858              
00481582054900183984503070019289088   000000000000010000000095907   0000487100008860              
00481582054900183984509502170157187   000000000000010000000009465   0002967600008861              
00481582054900183985433738960007830   000000000000003000000842417   0001865700008863              
00481582054900183985408422200407388   000000000000010000000006786   0003025800008864              
00481582054900183984682350000023602   000000000000010000000004123   0003874700008869              
00481582054900183984311780239944724   000000000000010000000064088   0003832600008870              
00481582054900183985521994360015203   000000000000010000000634634   0003874800008872              
00481582054900183985522358800029050   000000000000005000000545722   0001091700008873              
00481582054900183984392377362000200   000000000000020000000550626   0003874900008874              
00481582054900183985520009600370614   000000000000005000000393496   0003469100008875              
00481582054900183984311951022967772   000000000000008500000089654   0000582400008876              
00481582054900183985153520000579293   000000000000010000000885936   0001046800008877              
00481582054900183985521292004192466   000000000000003000000R21563   0003876000008878              
00481582054900183984637818005077100   000000000000010000000013344   0000152800008879              
00481582054900183984365399916938233   000000000000003000000095910   0000724400008880              
00481582054900183984688143920705901   000000000000010000000009466   0000116700008884              
00481582054900183984688143920705901   000000000000010000000009467   0003882900008885              
00481582054900183984003538601151697   000000000000002000000201437   0003874300008886              
00481582054900183984182301009064985   000000000000040000000089666   0002198400008888              
00481582054900183985241084300337609   000000000000010000000934328   0000092900008889              
00481582054900183985156115005860405   000000000000020000005         0002050700008892              
00481582054900183984380450190067305   000000000000010000000849401   0002798300008898              
00481582054900183984705380179733015   000000000000002000005         0003810400008899              
00481582054900183984987136500585600   000000000000008000000341508   0002490000008900              
00481582054900183984380451598258306   000000000000021000000849403   0003889600008901              
00481582054900183985148691006300972   000000000000050000000006776   0003424000008902              
00481582054900183984147631600760605   000000000000010000000849404   0003343700008903              
00481582054900183985520464823383409   000000000000003000000509122   0003893300008904              
00481582054900183984392370123778909   000000000000010000000291379   0001277200008905              
00481582054900183985520467600759501   000000000000006000000696982   0001746700008906              
00481582054900183984695850023085004   000000000000007000000094885   0002954900008907              
00481582054900183984182301004996744   000000000000010000000089671   0003631400008909              
00481582054900183985453051123933800   000000000000010000000462092   0002462700008910              
00481582054900183984423555980164903   000000000000010000000087938   0002658100008911              
00481582054900183985520000147617104   000000000000010000000193560   0000542100008912              
00481582054900183984523841211485567   000000000000010000000009469   0002334700008914              
00481582054900183985242630007892103   000000000000010000000363569   0001359400008916              
00481582054900183984503070786809944   000000000000010000000095912   0002436900008918              
00481582054900183984503070705119946   000000000000003000000095913   0003897200008920              
00481582054900183984601996427545102   000000000000005000000741566   0003812900008921              
00481582054900183985148691081770974   000000000000030000000006768   0002210200008923              
00481582054900183984311780130128401   000000000000002000000816849   0001731400008924              
00481582054900183984563130209305016   000000000000010000000082500   0001685700008926              
00481582054900183984311785403031836   000000000000050000000010112   0003848800008927              
00481582054900183984682363000041573   000000000000010000000087940   0002853300008930              
00481582054900183984392370767000099   000000000000020000000042048   0002498300008931              
00481582054900183984682365838893513   000000000000020000000087941   0003236200008932              
00481582054900183985441350008702206   000000000000002000000705918   0001814400008933              
00481582054900183984563181001788503   000000000000020000000229188   0000333700008934              
00481582054900183984182301005400795   000000000000010000000089682   0001318200008936              
00481582054900183984563020071150600   000000000000010000000235160   0000463700008937              
00481582054900183984563186305399204   000000000000020000000256831   0003905800008938              
00481582054900183984563130086040801   000000000000100000000730235   0002476200008939              
00481582054900183984682365868261045   000000000000010000000087942   0002774600008940              
00481582054900183984514450203011406   000000000000030000000013348   0001038200008941              
00481582054900183985588650029131100   000000000000010000000086334   0003907200008942              
00481582054900183985520000108055302   000000000000050000000914112   0003288600008943              
00481582054900183985520466511010202   000000000000020000000757182   0003007800008944              
00481582054900183984682365800473195   000000000000015000000087943   0002895600008945              
00481582054900183985148725000032908   000000000000005000041         0003574400008947              
00481582054900183984579630013803504   000000000000040000000004228   0001311300008948              
00481582054900183984311780193403808   000000000000010000000143337   0001896500008949              
00481582054900183985239531003287303   000000000000010000000089691   0001983900008950              
00481582054900183984695878500495602   000000000000003000000390446   0002657300008951              
00481582054900183984311780219043802   000000000000004000000395873   0003911200008953              
00481582054900183984311789900432901   000000000000100000000320818   0000905900008955              
00481582054900183985241150325420504   000000000000010000000013462   0002596100008956              
00481582054900183985520468902382810   000000000000010000000840104   0000674700008957              
00481582054900183984637890101462908   000000000000010000000013463   0002591900008958              
00481582054900183985433728503423586   000000000000010000000089700   0000020800008959              
00481582054900183984182301002282550   000000000000005000000089701   0003148000008960              
00481582054900183984311780144850602   000000000000050000000188641   0001911100008963              
00481582054900183985408422200498486   000000000000020000000006751   0000167600008964              
00481582054900183985241060001751751   000000000000050000000006750   0001430200008965              
00481582054900183984038798280231041   000000000000010000000842418   0001943700008967              
00481582054900183984258980013247105   000000000000050000000240395   0002777200008968              
00481582054900183985148691005373525   000000000000010000000006748   0002265700008969              
00481582054900183985222328010040349   000000000000005000000842419   0003435200008971              
00481582054900183984147631699929103   000000000000010000000849422   0003915800008972              
00481582054900183984182301008432514   000000000000005000000089705   0001440700008973              
00481582054900183985520005800313347   000000000000010000000476288   0003916700008975              
00481582054900183985433777501500606   000000000000005000000998289   0003916800008976              
00481582054900183984147631602132209   000000000000010000000849424   0001045900008977              
00481582054900183983566706605357005   000000000000100000000013465   0000767500008980              
00481582054900183983569694500771602   000000000000100000041         0001377500008981              
00481582054900183985521991250015806   000000000000010000000475873   0000436000008982              
00481582054900183984311951055259923   000000000000010000000089708   0000709200008983              
00481582054900183985520465504769600   000000000000005000000163304   0001053400008984              
00481582054900183984029876505662306   000000000000005000000775045   0002205600008985              
00481582054900183984147630012143301   000000000000005000000849425   0001941700008986              
00481582054900183984284400200318468   000000000000006000000002362   0000000100008987              
00481582054900183984682363000063189   000000000000200000000087945   0000083700008988              
00481582054900183985520464905884001   000000000000010000000734171   0001159900008989              
00481582054900183984889760000049285   000000000000020000000199974   0001487400008990              
00481582054900183984380451002276704   000000000000100000000849429   0001716000008991              
00481582054900183985241089400934403   000000000000050000000117259   0001912900008992              
00481582054900183983565538600262208   000000000000030000000158692   0002063000008993              
00481582054900183984258980006697100   000000000000100000000243622   0002153500008994              
00481582054900183985239531001075874   000000000000010000000089717   0002506200008995              
00481582054900183985466960010344209   000000000000030000000006736   0003936900008996              
00481582054900183985521294000052652   000000000000050000000R21567   0003920700008997              
00481582054900183984563130210378804   000000000000030000000952621   0003926700009000              
00481582054900183984057010001520108   000000000000020000000057988   0001246100009001              
00481582054900183984563181001953404   000000000000010000000499122   0003577700009004              
00481582054900183984639130541990129   000000000000015000000083980   0001793700009005              
00481582054900183984380451596430402   000000000000002000054         0002332500009007              
00481582054900183984726358304887307   000000000000010000000013354   0000203100009008              
00481582054900183984392375488000732   000000000000010000000566821   0003940100009009              
00481582054900183985239766080000266   000000000000003000005         0003624500009010              
00481582054900183984284300101384918   000000000000007000000006729   0002451700009011              
00481582054900183985157160104372406   000000000000010000000129728   0003941000009012              
00481582054900183983565620113380709   000000000000020000051         0000307300009014              
00481582054900183985521970201124016   000000000000010000041         0004911000009015              
00481582054900183985433746005265800   000000000000010000000431920   0003419600009017              
00481582054900183984579673300178107   000000000000010000000290756   0002971200009018              
00481582054900183984311780192487406   000000000000300000000708533   0002485800009020              
00481582054900183984182301008249298   000000000000010000000089728   0000224900009021              
00481582054900183984380450131724709   000000000000010000000849437   0002595700009022              
00481582054900183984503070031743948   000000000000012000000095919   0002969600009023              
00481582054900183984637817905347902   000000000000010000000013355   0001326100009024              
00481582054900183984311789704577802   000000000000010000000669066   0003945200009025              
00481582054900183984682365099136305   000000000000060000000087948   0002087000009026              
00481582054900183984688288800872709   000000000000050000000090456   0000558700009027              
00481582054900183984563189202584605   000000000000010000000307202   0002087200009028              
00481582054900183984563130208571303   000000000000040000000712981   0003275200009029              
00481582054900183984907080013716145   000000000000030000000176428   0000066400009030              
00481582054900183984563198080682217   000000000000010000000089738   0002296600009031              
00481582054900183984579520209406206   000000000000002000000013356   0001730500009032              
00481582054900183985157130000393749   000000000000020000000006720   0003947600009033              
00481582054900183984029876503399802   000000000000010000000454242   0001474000009034              
00481582054900183984023103401789646   000000000000020000000006718   0002460000009035              
00481582054900183985520465513295209   000000000000010000000292914   0003897100009036              
00481582054900183985433811105047605   000000000000010000000013357   0003674400009039              
00481582054900183985428027748569502   000000000000006000000395314   0003215800009040              
00481582054900183984029876506430208   000000000000010000000278632   0001776000009041              
00481582054900183984637818319135701   000000000000005000000013358   0003738800009042              
00481582054900183985520464704136405   000000000000001000000232736   0003954200009045              
00481582054900183984682363000095835   000000000000010000000087949   0003868500009046              
00481582054900183984863751723982100   000000000000001000000249175   0003746100009047              
00481582054900183983565580706143700   000000000000010000000849450   0003353500009048              
00481582054900183983565580706143700   000000000000010000000849451   0003353500009049              
00481582054900183984029874503357904   000000000000005000000007110   0003918000009050              
00481582054900183985521990122492706   000000000000050000000112831   0001178000009052              
00481582054900183984182301008948279   000000000000005000000089746   0003954900009053              
00481582054900183985433710099890808   000000000000020000000849453   0001456500009054              
00481582054900183985520000157077108   000000000000010000000395807   0001528600009055              
00481582054900183985433810200086500   000000000000005000000013359   0003306300009056              
00481582054900183984023100013436962   000000000000030000000006714   0000103800009057              
00481582054900183984182301005403211   000000000000035000000089750   0002463300009059              
00481582054900183985242634996800101   000000000000003000000923134   0002768100009060              
00481582054900183984284300100866733   000000000000002000000006712   0003838400009062              
00481582054900183983567536566113108   000000000000003000000251383   0001155600009063              
00481582054900183984503070779267027   000000000000002000000095922   0003744400009064              
00481582054900183984029874503719301   000000000000005000000939478   0002952500009065              
00481582054900183984748320000064676   000000000000060000000006708   0001504400009066              
00481582054900183984311951054673827   000000000000005000000089754   0001040300009067              
00481582054900183985239531005053042   000000000000100000000089757   0001231800009068              
00481582054900183984503070088484834   000000000000001000000095924   0003088400009069              
00481582054900183984563130203776303   000000000000003000000565142   0000022700009070              
00481582054900183984563130209305016   000000000000010000000322665   0001685700009072              
00481582054900183984147631511831107   000000000000010000000849457   0002854300009073              
00481582054900183985433777501402308   000000000000005000000865333   0004936600022974              
00481582054900183984563198513417363   000000000000010000000089762   0003421300022978              
00481582054900183985241060201684257   000000000000010000000006701   0004941100022980              
00481582054900183984385820000777290   000000000000010000000006700   0000122900022981              
00481582054900183984503070756009038   000000000000020000000095925   0002070100022994              
00481582054900183984311789600013001   000000000000020000000589977   0000030200022997              
00481582054900183985521998867000238   000000000000010000005         0003958700023009              
00481582054900183984563180028720606   000000000000010000000925123   0001581000023010              
00481582054900183984182301002794455   000000000000020000000089767   0001149700023013              
00481582054900183984182301001215726   000000000000010000000089770   0000623300023014              
00481582054900183984695856813108203   000000000000002000000052697   0000749800023018              
00481582054900183984579511001236404   000000000000010000000013484   0003616900023044              
00481582054900183985521970017066609   000000000000050000000006696   0001886400023045              
00481582054900183984503070043766119   000000000000050000000095926   0000823000023046              
00481582054900183985520464811200508   000000000000010000000059761   0003492800023048              
00481582054900183984423555867566600   000000000000005000000087951   0001056000023049              
00481582054900183984284300000862345   000000000000005000000006695   0001963000023050              
00481582054900183985239766524000187   000000000000020000005         0002350700023051              
00481582054900183984023103400469729   000000000000003000000006693   0002734500023053              
00481582054900183984023100700710562   000000000000015000000006691   0003701300023054              
00481582054900183984503010099000389   000000000000008000012         0003228200023055              
00481582054900183985239531003691397   000000000000010000000089773   0000666300023056              
00481582054900183984705720000177405   000000000000030000000013488   0004951000023057              
00481582054900183984726358308143004   000000000000002000000013363   0001428800023058              
00481582054900183984147202136581046   00000000000010000000003883D   0002719400023059              
00481582054900183985521179301911609   000000000000005000000866639   0004950900023060              
00481582054900183984311951804261477   000000000000010000000089774   0004911000023069              
00481582054900183985408942080721541   000000000000020000005         0002075300023070              
00481582054900183985239531005389867   000000000000030000000089777   0000845000023071              
00481582054900183985520541501171709   000000000000015000000013489   0000211600023072              
00481582054900183985239531009283199   000000000000010000000089780   0002117100023073              
00481582054900183984311951059308924   000000000000005000000089782   0002746400023074              
00481582054900183983565800000729552   000000000000100000000006686   0001492500023075              
00481582054900183985433746006457000   000000000000003000000160981   0003725400023076              
00481582054900183984514450001331204   000000000000010000000013366   0001683600023077              
00481582054900183985468580003676611   000000000000100000000376224   0000334100023090              
00481582054900183984311951002396109   000000000000003000000089786   0000785800023109              
00481582054900183985520464808881203   000000000000002000000058828   0004962200023116              
00481582054900183985239531007441138   000000000000100000000089788   0003807100023117              
00481582054900183985521970580543828   000000000000050000000006681   0000324500023118              
00481582054900183984147630008991309   000000000000020000000849469   0001242000023120              
00481582054900183984637818600676504   000000000000005000000013368   0001668600023123              
00481582054900183983567300151345108   000000000000300000000619569   0000331200023124              
00481582054900183984637896610132601   000000000000010000000013491   0003011800023147              
00481582054900183985241084500072907   000000000000010000000448135   0003298900023157              
00481582054900183984057605010271104   000000000000020000000158677   0000000900023164              
00481582054900183984682365818161030   000000000000010000000087954   0001747500023168              
00481582054900183985148848904931809   000000000000015000000190462   0001252000023184              
00481582054900183984688143970621487   000000000000015000000009474   0000758800023188              
00481582054900183985560485014004182   000000000000015000000277355   0004966200023192              
00481582054900183985588150006707105   000000000000050000000158908   0003773200023198              
00481582054900183984514450002545307   000000000000005000000013372   0002154100023199              
00481582054900183984636706700083229   000000000000010000000812518   0003973200023200              
00481582054900183985520465501434000   000000000000003000000429093   0003004800023202              
00481582054900183985228315999000059   000000000000700000000603850   0001905100023203              
00481582054900183984392371613000382   000000000000005000000000603   0002996800023204              
00481582054900183984637817907199004   000000000000003000000013373   0004977000023206              
00481582054900183985148691081302851   000000000000010000000006671   0001308600023211              
00481582054900183984003538600061012   000000000000010000000868886   0000689100023212              
00481582054900183984503070049287474   000000000000010000000095931   0002803300023213              
00481582054900183984503070766694340   000000000000010000000095932   0002654100023214              
00481582054900183984695868800272306   000000000000010000000390464   0004984000023215              
00481582054900183985408291001543133   000000000000005000000089805   0001816800023217              
00481582054900183985148848918012208   000000000000010000000390466   0004984300023221              
00481582054900183984563111002616403   000000000000010000000006668   0000151800023223              
00481582054900183984380450192321205   000000000000020000000849475   0000848500023224              
00481582054900183983565623300106002   000000000000005000000013500   0001721700023226              
00481582054900183985520464824091902   000000000000010000000438990   0000615900023227              
00481582054900183985241960004499300   000000000000050000000013502   0001302400023228              
00481582054900183985520464801130509   000000000000002000000654778   0001938700023229              
00481582054900183984503070007883462   000000000000009000000095933   0004984400023230              
00481582054900183985522350001156535   000000000000030000000250495   0000170100023233              
00481582054900183984029874503357904   000000000000005000000317839   0003009300023234              
00481582054900183984023103402450628   000000000000050000000006666   0002016700023236              
00481582054900183984027526008361904   000000000000010000000026493   0003785200023238              
00481582054900183984023103401693160   000000000000050000000006665   0000764100023255              
00481582054900183984365419944005837   000000000000005000000095936   0003645900023256              
00481582054900183984907071294202103   000000000000010000000675862   0000534700023257              
00481582054900183984311951804258275   000000000000020000000089814   0003106800023262              
00481582054900183985520000134498203   000000000000010000000495085   0005091600023264              
00481582054900183984311780185631200   000000000000010000000095757   0001536200023270              
00481582054900183985241060201672476   000000000000008800000006662   0000164400023273              
00481582054900183984003590050755304   000000000000050000000061540   0003598400023280              
00481582054900183984311780239958294   000000000000020000000039709   0003814300023287              
00481582054900183985241960008182902   000000000000010000000013508   0001651400023288              
00481582054900183984311780149775507   000000000000001000000995013   0003163300023291              
00481582054900183984392375817000536   000000000000017000000926105   0002212100023293              
00481582054900183985520464911226403   000000000000010000000218831   0003549300023294              
00481582054900183984365419966549225   000000000000050000000095938   0002490700023296              
00481582054900183984182301004433102   000000000000010000000089821   0005097700023300              
00481582054900183984182301006637635   000000000000005000000089823   0003419800023302              
00481582054900183984147630021544705   000000000000006000000849483   0005101000023307              
00481582054900183985520464804118402   000000000000003000000454363   0001348800023313              
00481582054900183984563130062711409   000000000000010000000963999   0002368100023315              
00481582054900183985148693480050479   000000000000005000000006656   0002860600023317              
00481582054900183985148690400342127   000000000000019000000006655   0001687200023318              
00481582054900183985521975700067194   000000000000015000000006653   0003675400023327              
00481582054900183984023100010546565   000000000000060000000006652   0002261100023328              
00481582054900183985521970007632105   000000000000010000000006651   0003019100023330              
00481582054900183985228312839000001   000000000000300000000682299   0005102400023332              
00481582054900183984380451597752200   000000000000100000000849485   0003611200023334              
00481582054900183984311951013956990   000000000000050000000089830   0003166700023336              
00481582054900183985239767218000079   000000000000010000000598526   0003140000023337              
00481582054900183985239763955000158   000000000000020000000999055   0003394200023338              
00481582054900183985433746016063095   000000000000010000000072354   0000981600023340              
T00075900016847690020140225103911                                                                 
