00481582054900183984311951000644849   000000000000005000000011767   0001774900003716              
00481582054900183984029876904507904   000000000000005000000386998   0000194900004467              
00481582054900183985433728502431101   000000000000010000000011769   0000500000004632              
00481582054900183984311951012472692   000000000000010000000011771   0001536300004655              
00481582054900183984563191012892889   000000000000010000054         0002131700004903              
00481582054900183984563198006171030   000000000000005000000011774   0002161900005066              
00481582054900183984423555914654912   000000000000010000000081615   0000234900005230              
00481582054900183984311951016724205   000000000000010000000011777   0000003200005246              
00481582054900183985408291002244160   000000000000010000000011780   0001387200005446              
00481582054900183984311951019296623   000000000000010000000011782   0001175200005466              
00481582054900183984563198704214181   000000000000003000000011784   0002087100005507              
00481582054900183984067691797580105   000000000000003500000058481   0002435700005707              
00481582054900183984056503804360103   000000000000010000000296285   0000545500005839              
00481582054900183985148991683286100   000000000000005000000058486   0002482200005895              
00481582054900183984050587800199009   000000000000003000005         0001166500005946              
00481582054900183985433749201331806   000000000000003000000848772   0001034000005963              
00481582054900183983563790000143403   000000000000030000000161472   0000288600006019              
00481582054900183984579520302466800   000000000000010000000003282   0000786500006089              
00481582054900183984311951011534773   000000000000030000000011792   0001235100006214              
00481582054900183984682365047676832   000000000000100000007         0002609300006272              
00481582054900183984038508910753102   000000000000005000000080285   0002050100006327              
00481582054900183984563018505993553   000000000000010000000011796   0002630700006341              
00481582054900183984311951018337477   000000000000003000014         0001830300006361              
00481582054900183984380456723937302   000000000000010000000296291   0000119300006377              
00481582054900183984563018010117235   000000000000005000000011800   0002133600006381              
00481582054900183984579600011583416   000000000000002000000296295   0000871400006400              
00481582054900183984311951020613634   000000000000002000000011805   0001679100006418              
00481582054900183985433721012242589   000000000000005000000011807   0001793400006449              
00481582054900183984579669355000014   000000000000006000000934526   0000761300006530              
00481582054900183984579669355000014   000000000000006000000927974   0000761300006531              
00481582054900183984311780160395607   000000000000010000000521922   0002534800006618              
00481582054900183985520000000945204   000000000000010000000855461   0000970600006619              
00481582054900183985409910001619119   000000000000020000000020794   0000791000006641              
00481582054900183985520540600400308   000000000000016890005         0002772500006651              
00481582054900183985521179016998909   000000000000020000000111814   0002679300006687              
00481582054900183985289505145000062   000000000000010000000091180   0002640000006698              
00481582054900183985544322200084309   000000000000005000000058457   0000746700006719              
00481582054900183985222180012041100   000000000000010000000343175   0001994400006723              
00481582054900183985240330028428118   000000000000010000000243241   0000885500006726              
00481582054900183984636703203633105   000000000000002000000623847   0002801000006730              
00481582054900183985240330028428118   000000000000005000000143163   0000885500006731              
00481582054900183985520491007477939   000000000000010000000011821   0001461000006744              
00481582054900183984311780108484307   000000000000005000000059481   0001455000006745              
00481582054900183985123660961546100   000000000000010000000343188   0001663400006747              
00481582054900183984311780136691709   000000000000010000000541815   0001832700006748              
00481582054900183984067701711550108   000000000000020000005         0000836900006765              
00481582054900183984579530208549500   000000000000010000000003284   0000786300006780              
00481582054900183984514450003365200   000000000000004000000003285   0002629100006817              
00481582054900183983565683876000039   000000000000010000000406854   0001153900006838              
00481582054900183985521997970013708   000000000000010000000180664   0000544500006882              
00481582054900183984563188444696805   000000000000003000000142846   0002778200006884              
00481582054900183985520000154692206   000000000000002000000461712   0002415900006902              
00481582054900183985520000154692206   000000000000003000000041185   0002415900006903              
00481582054900183984311780113233400   000000000000030000000624522   0001055200006920              
00481582054900183984058650209247902   000000000000005000000011914   0000768900006927              
00481582054900183984058650209247902   000000000000005000000011916   0000768900006928              
00481582054900183985520491007949077   000000000000010000000011832   0001781500006933              
00481582054900183984392375139000610   000000000000050000000272635   0004005000006942              
00481582054900183984058650004975905   000000000000001000000011918   0002290600006946              
00481582054900183984579522411724103   000000000000010000000003289   0001387000006970              
00481582054900183985521970700899811   000000000000005000000877832   0000829900006981              
00481582054900183985543920147217766   000000000000030000000075640   0002518500006984              
00481582054900183984311789713795304   000000000000050000000177192   0001854200007052              
00481582054900183985457451322915101   000000000000010000000090155   0000908700007073              
00481582054900183984563198701044334   000000000000005000000011840   0002928500007080              
00481582054900183984563198701044334   000000000000005000000011842   0002928500007081              
00481582054900183984563198100809261   000000000000010000000011846   0002061500007083              
00481582054900183985179517304111708   000000000000010000000003291   0002279500007106              
00481582054900183985148691081482471   000000000000005000000877829   0001030800007125              
00481582054900183984311785401834819   000000000000020000000279786   0000229600007142              
00481582054900183984503070047207995   000000000000005000000071167   0000544800007145              
00481582054900183984096792771000006   000000000000060000000399128   0000833600007160              
00481582054900183984311780216820301   000000000000030000000418422   0002025000007177              
00481582054900183984311780117160203   000000000000001500000222859   0002399500007181              
00481582054900183985408059400451301   000000000000002000000826472   0002985200007196              
00481582054900183984563191004400600   000000000000002000000011849   0003002600007212              
00481582054900183984563191004400600   000000000000002000000011850   0003002700007213              
00481582054900183984563191004400600   000000000000002000000011853   0003002800007214              
00481582054900183985239531003091028   000000000000200000005         0001739500007216              
00481582054900183985148691081593061   000000000000010000000877817   0000029700007235              
00481582054900183985543920183051384   000000000000002000000074065   0003015700007240              
00481582054900183985520468906848907   000000000000010000000007961   0001291800007261              
00481582054900183985521170200557700   000000000000001000000140294   0003026100007264              
00481582054900183985457451382031112   000000000000005000000798076   0001286400007273              
00481582054900183985520000124423807   000000000000030000000946707   0000606100007302              
00481582054900183985521970016768908   000000000000010000000877813   0000251000007322              
00481582054900183985520000114732803   000000000000005000000703631   0001101500007333              
00481582054900183984025138910144071   000000000000001000000080287   0002868700007334              
00481582054900183985239531008868743   000000000000010000000011866   0003079600007343              
00481582054900183985239531008868743   000000000000010000000011868   0003079600007344              
00481582054900183983567336506838108   000000000000015000000069408   0000181600007350              
00481582054900183984365419953714667   000000000000025000000071169   0000171100007351              
00481582054900183985140231040967102   000000000000010000005         0003011800007368              
00481582054900183984023100012911460   000000000000001000000877807   0002650400007372              
00481582054900183985148691000216026   000000000000010000000877806   0000280800007402              
00481582054900183984380450798740105   000000000000020000000296327   0000902100007412              
00481582054900183984682365892629084   000000000000020000000081625   0003308100007414              
00481582054900183985239531009574225   000000000000100000000011871   0000832600007416              
00481582054900183985408422200423328   000000000000010000000877804   0001743500007425              
00481582054900183984311780115363809   000000000000001000000869118   0002030500007438              
00481582054900183985520030002120308   000000000000020000000296332   0000617300007440              
00481582054900183984392373144000162   000000000000010000041         0002518900007447              
00481582054900183984579611128350706   000000000000010000000296333   0001438100007449              
00481582054900183984311780174379704   000000000000010000000940093   0003101200007450              
00481582054900183984563186305213900   000000000000005000000276835   0003001800007464              
00481582054900183984563186305213900   000000000000005000000422949   0003001800007465              
00481582054900183984563028600355731   000000000000002500005         0003135300007466              
00481582054900183985239531000028809   000000000000010000000011880   0003142700007475              
00481582054900183985148729608330409   000000000000003000000011930   0003143400007482              
00481582054900183985239763501000181   000000000000020000000768376   0000318400007495              
00481582054900183984579600019048305   000000000000003000000296337   0002911400007496              
00481582054900183984392372545000391   000000000000010000000985363   0000486000007497              
00481582054900183984311780118694903   000000000000010000000975726   0003156200007500              
00481582054900183984639140156619194   000000000000002500000051619   0002854400007523              
00481582054900183984311951019027721   000000000000006000000011888   0003167400007525              
00481582054900183985452788807996907   000000000000010000000R20039   0003177500007526              
00481582054900183985239765940000060   000000000000005000000725372   0000903800007527              
00481582054900183984477570029881677   000000000000003000000715520   0003127700007531              
00481582054900183985408050032952907   000000000000010000000520557   0000322300007538              
00481582054900183984514454903266104   000000000000003000000003292   0002749400007603              
00481582054900183984514450003694401   000000000000010000000003293   0002891300007606              
00481582054900183984639140131513389   000000000000001000000048160   0002723600007633              
00481582054900183984563188445164209   000000000000003000000747160   0001920700007649              
00481582054900183984563018705934985   000000000000001000000011897   0002746100007657              
00481582054900183984311951009614736   000000000000120000014         0000176600007659              
00481582054900183984380450192379203   000000000000005000000296343   0000790900007660              
00481582054900183984682365072105368   000000000000060000000081628   0000709600007671              
00481582054900183984563139403613604   000000000000010000000550525   0002424200007714              
00481582054900183984563186305121608   000000000000006000000442690   0001959800007719              
00481582054900183985148691004651905   000000000000010000000877784   0000243700007745              
00481582054900183985452790070894405   000000000000005000000R20040   0003279400007750              
00481582054900183984311780167344608   000000000000005000005         0001912400007760              
00481582054900183984311789713138109   000000000000010000000186766   0003980100007763              
00481582054900183984311780136862003   000000000000010000000577535   0002027600007769              
00481582054900183984503070010365796   000000000000010000000071174   0001721400007791              
00481582054900183984311951022145734   000000000000005000000011909   0001547500007792              
00481582054900183985521995374000263   000000000000005000000140407   0003303900007811              
00481582054900183984563130045442221   000000000000010000000801862   0001993800007816              
00481582054900183984392379460000405   000000000000005000000261496   0001325900007827              
00481582054900183984563018507527920   000000000000010000005         0001375000007828              
00481582054900183985239531001566500   000000000000020000000011910   0003316200007829              
00481582054900183985179517302596108   000000000000006000014         0001938100007848              
00481582054900183984563198108456321   000000000000005000014         0001584400007863              
00481582054900183984682365854433863   000000000000010000000081631   0003280400007864              
00481582054900183985521997960018709   000000000000005000005         0002162400007867              
00481582054900183985521997960018709   000000000000005000005         0001510800007868              
00481582054900183984025951718608505   000000000000010000041         0001288300007881              
00481582054900183984637890200931704   000000000000005000000011936   0000114700007887              
00481582054900183984563011012146534   000000000000002000000011917   0002216800007889              
00481582054900183984682365852153133   000000000000010000000081632   0003991400007891              
00481582054900183984056503802511509   000000000000020000000296346   0000689500007894              
00481582054900183985148991698869106   000000000000012000000078286   0001414900007896              
00481582054900183984311951043220342   000000000000003000000011922   0000778300007921              
00481582054900183985520000130755002   000000000000005000000713387   0001628000007928              
00481582054900183984029876906972007   000000000000001000000511040   0003375700007930              
00481582054900183984029876906972007   000000000000001000000119848   0003376800007931              
00481582054900183984029876906972007   000000000000001000000074326   0003376900007932              
00481582054900183984514450001668100   000000000000010000000003298   0001520900007940              
00481582054900183985239769320000237   000000000000003000000956328   0003382400007942              
00481582054900183984365419919224199   000000000000005000000071176   0003382500007943              
00481582054900183984563188446340204   000000000000003000000961707   0003385600007947              
00481582054900183984579691738553501   000000000000002000041         0001646100007952              
00481582054900183985157130000575493   000000000000030000000877756   0001350200007965              
00481582054900183985242310000012500   000000000000005000000037428   0000544800007970              
00481582054900183985409621460539306   000000000000007000041         0001735100007977              
00481582054900183984514453601873807   000000000000010000000003299   0003117200007979              
00481582054900183985241313602196904   000000000000035000000832929   0000830000007987              
00481582054900183984392370122257806   000000000000010000005         0002932900008026              
00481582054900183984688288800962609   000000000000005000000932930   0003425800008041              
00481582054900183984038508911397966   000000000000010000000080289   0003416400008054              
00481582054900183984392372296000111   000000000000020000000117674   0000051700008058              
00481582054900183985433760017718904   000000000000010000000011939   0001731000008061              
00481582054900183985241080003962305   000000000000010000000259096   0000209100008063              
00481582054900183985239769962000123   000000000000010000000125925   0000027700008066              
00481582054900183984579600020440103   000000000000003000000296359   0003449600008071              
00481582054900183985520000144413101   000000000000020000000277714   0002424100008081              
00481582054900183984311780221705208   000000000000010000000326958   0003163500008082              
00481582054900183985521292033757891   000000000000010000000R20042   0001721600008092              
00481582054900183984579590009761605   000000000000010000000055890   0002386900008093              
00481582054900183984311785402618609   000000000000050000007         0003490900008116              
00481582054900183985147380000092071   000000000000010000000080291   0001156500008129              
00481582054900183984563191801032705   000000000000010000000011947   0002859500008130              
00481582054900183984637817900050006   000000000000005000000003302   0001224400008131              
00481582054900183985242558880009893   000000000000005000000588605   0000646200008137              
00481582054900183984682364085864954   000000000000002000005         0003509600008143              
00481582054900183985520464702307313   000000000000005000000628682   0001609300008149              
00481582054900183984637818005659808   000000000000001000000003303   0003042300008166              
00481582054900183985520030002120308   000000000000020000000296363   0000617300008184              
00481582054900183984503070083929023   000000000000010000000071181   0002550700008188              
00481582054900183984003538600911588   000000000000005000000166350   0003533500008189              
00481582054900183984003538600911588   000000000000002000000175359   0003533600008190              
00481582054900183984003538600911588   000000000000002000000117706   0003533600008191              
00481582054900183984003538600911588   000000000000001000000185631   0003533700008192              
00481582054900183984003538600911588   000000000000001000000186712   0004131800008193              
00481582054900183984003538600911588   000000000000001000000137497   0004131800008194              
00481582054900183984003538600911588   000000000000001000000665078   0003533800008195              
00481582054900183985520466519227808   000000000000003000000380788   0002410500008203              
00481582054900183985179512402785602   000000000000005000000003306   0003463800008211              
00481582054900183983560710101026805   000000000000010000000197867   0003545800008218              
00481582054900183984311780144182501   000000000000010000000871976   0000867000008222              
00481582054900183985521970500415941   000000000000010000000877737   0001771700008224              
00481582054900183984541850699300402   000000000000005000000432934   0003187700008228              
00481582054900183984392371736000590   000000000000010000000137361   0000676700008230              
00481582054900183984311951803017854   000000000000001000000011967   0003554500008241              
00481582054900183984695856881094301   000000000000030000000098043   0003545900008242              
00481582054900183984741340000072807   000000000000010000000302037   0003560100008255              
00481582054900183984392370799000182   000000000000010000005         0002014800008258              
00481582054900183985241060200382838   000000000000005000041         0003561800008260              
00481582054900183984870238006155175   000000000000009000000067635   0003550500008265              
00481582054900183985408430908041003   000000000000003000005         0001825300008270              
00481582054900183984514453610309009   000000000000025000000003310   0001143500008274              
00481582054900183984365419972234481   000000000000005000000071182   0003085100008278              
00481582054900183984380450104444905   000000000000003000000296378   0002910200008280              
00481582054900183984182301002223471   000000000000010000000011976   0001061800008283              
00481582054900183985521990123840705   000000000000010000000294904   0002469000008287              
00481582054900183984563135100919500   000000000000030000000718152   0002184100008289              
00481582054900183984637817904367703   000000000000020000000003313   0002932900008302              
00481582054900183984023100012843267   000000000000008500000877727   0000434900008307              
00481582054900183984503070086839328   000000000000005000000071183   0002343200008311              
00481582054900183985427007391219804   000000000000010000000610234   0001923000008322              
00481582054900183984423550014374107   000000000000005000000081638   0000433700008331              
00481582054900183985228315663000005   000000000000010000000046653   0001836500008332              
00481582054900183985228315663000005   000000000000010000000906447   0002065400008333              
00481582054900183985228315663000005   000000000000010000000134973   0002706700008334              
00481582054900183985228315663000005   000000000000010000000794077   0002065300008335              
00481582054900183985560485014025658   000000000000020000000196248   0000329400008339              
00481582054900183984563270770021202   000000000000003000000877721   0003608400008347              
00481582054900183984380450195390009   000000000000030000000296384   0001156100008349              
00481582054900183985521970500568582   000000000000010000000877719   0000464900008350              
00481582054900183984311951003277217   000000000000005000000011991   0001031900008352              
00481582054900183985239531000065769   000000000000020000054         0002188000008355              
00481582054900183984682365813802810   000000000000010000000081640   0003614600008359              
00481582054900183984579611512101509   000000000000010000000296386   0001692900008362              
00481582054900183985520540201577009   000000000000005000000011947   0003456400008363              
00481582054900183984311951803732213   000000000000020000000011995   0001787700008364              
00481582054900183985148691004072508   000000000000005000005         0003616500008366              
00481582054900183985520491009961443   000000000000002000054         0003625000008367              
00481582054900183984563189203574209   000000000000005000000549592   0003435100008373              
00481582054900183985239768925000329   000000000000006000000072527   0003417600008375              
00481582054900183984311951042911313   000000000000010000000011999   0003252600008376              
00481582054900183984023100580453010   000000000000005000000877707   0002297500008378              
00481582054900183984311951013786959   000000000000100000000012001   0000463100008379              
00481582054900183984682363000034644   000000000000020000000081641   0003642500008387              
00481582054900183984637817905089405   000000000000002000000003320   0003642600008388              
00481582054900183985520468700174708   000000000000005000000453327   0002807900008390              
00481582054900183985242558846011652   000000000000020000000073023   0000043100008393              
00481582054900183985521294083957926   000000000000010000000R20046   0002353800008394              
00481582054900183984380451600855305   000000000000003000000296392   0002655700008396              
00481582054900183984380450157541409   000000000000005000000296393   0001006400008402              
00481582054900183985433814600941504   000000000000005000000003322   0001796600008404              
00481582054900183984003538600009318   000000000000010000000217634   0000136700008410              
00481582054900183984688288801117302   000000000000020000000032937   0001773500008412              
00481582054900183984579611121357807   000000000000012000000296396   0000704000008413              
00481582054900183984637896602028304   000000000000005000000011950   0001905900008414              
00481582054900183985453056660270409   000000000000005000000097760   0001947100008418              
00481582054900183984311951800856403   000000000000005000000012012   0003343800008425              
00481582054900183984311951053500419   000000000000003000043         0003602500008429              
00481582054900183984579610141229202   000000000000010000000296397   0002753800008430              
00481582054900183985148848902737901   000000000000010000000132938   0000429500008432              
00481582054900183984182301009215447   000000000000010000000012015   0003668200008435              
00481582054900183984023730001160503   000000000000008500000771548   0000342200008445              
00481582054900183984637818001657608   000000000000010000000003323   0003675600008447              
00481582054900183984392377172000200   000000000000002000000030982   0003676300008448              
00481582054900183984067691821768106   000000000000010000000094729   0001311900008453              
00481582054900183985452030001549509   000000000000003000000011952   0003348800008455              
00481582054900183985241150310878807   000000000000005000000011953   0000194900008456              
00481582054900183985520491800557838   000000000000010000000012025   0002217900008462              
00481582054900183984649616598000109   000000000000010000000089625   0003240000008466              
00481582054900183984514452404405007   000000000000005000000003325   0003693500008467              
00481582054900183984063763400004205   000000000000040000000877697   0001876300008468              
00481582054900183984147630022064208   000000000000005000000296402   0002980800008469              
00481582054900183985433749202683304   000000000000003000000033128   0003067200008472              
00481582054900183984563181000737303   000000000000100000000350512   0000111800008473              
00481582054900183984682365841816584   000000000000300000000081643   0002989300008475              
00481582054900183984579660133041107   000000000000010000000129661   0003701700008477              
00481582054900183985520491006341482   000000000000020000000012029   0002256100008480              
00481582054900183985521990012000429   000000000000010000000423163   0000638300008481              
00481582054900183984029876506117102   000000000000010000000672356   0001830200008482              
00481582054900183984579762713182903   000000000000010000000008996   0001429200008485              
00481582054900183985520030304181602   000000000000010000000296407   0002598900008487              
00481582054900183985520030304181602   000000000000010000000296408   0002598900008488              
00481582054900183985156115014009408   000000000000005000000246028   0003711800008490              
00481582054900183984563130064653203   000000000000010000000095472   0003714800008495              
00481582054900183984563191010594172   000000000000002000000012041   0003573600008502              
00481582054900183984311780207412704   000000000000010000000802123   0000324400008504              
00481582054900183985409660209011201   000000000000002000005         0003423700008506              
00481582054900183984147630702798703   000000000000010000000296411   0005139600008507              
00481582054900183984311951047659909   000000000000005000014         0003718600008508              
00481582054900183984029876904482207   000000000000020000000024103   0002234900008512              
00481582054900183983560676857716503   000000000000005000000010108   0001053300008513              
00481582054900183985242558845028061   000000000000010000000768376   0002721900008514              
00481582054900183983567336500045106   000000000000010000000098161   0003452400008515              
00481582054900183984182301008196119   000000000000030000000012047   0001802700008519              
00481582054900183985428273460492842   000000000000010000000R53425   0000998900008528              
00481582054900183984579570802274402   000000000000010000005         0002201900008534              
00481582054900183984182301008874582   000000000000006000000012054   0003556800008537              
00481582054900183984579522900123304   000000000000006000000003334   0001322200008538              
00481582054900183984380450197903304   000000000000001000054         0003749800008558              
00481582054900183984503070024660109   000000000000020000000071193   0003189400008560              
00481582054900183983567430053198105   000000000000010000005         0003756700008567              
00481582054900183984380450161302905   000000000000010000000296417   0001346200008570              
00481582054900183984182301007563368   000000000000010000000012058   0001346200008571              
00481582054900183985520541101224601   000000000000020000000011958   0001774200008583              
00481582054900183984182301007271517   000000000000020000000012059   0003591600008596              
00481582054900183984182301002829434   000000000000020000000012062   0000818500008604              
00481582054900183984311780007194700   000000000000010000000668464   0003776800008609              
00481582054900183985520004103126605   000000000000020000000384664   0000029300008618              
00481582054900183985520491009310310   000000000000006000000012064   0000579000008621              
00481582054900183984365419936927329   000000000000010000000071194   0001019600008625              
00481582054900183985241084301878304   000000000000050000000801662   0003564700008632              
00481582054900183985241084301878304   000000000000050000000485424   0003294900008633              
00481582054900183985241084301878304   000000000000050000000804857   0003071500008634              
00481582054900183985241084301878304   000000000000050000000178250   0002850600008635              
00481582054900183985520000128441003   000000000000012000000809321   0000482200008640              
00481582054900183985521974700719276   000000000000100000000877664   0002561800008647              
00481582054900183985148848906918309   000000000000003000000832942   0003009800008649              
00481582054900183985228316319000035   000000000000020000000472088   0001724900008655              
00481582054900183985408050022984605   000000000000010000000189122   0003059200008658              
00481582054900183984392374981000125   000000000000010000000241483   0000237400008659              
00481582054900183984541850699687105   000000000000010000000932943   0002603300008661              
00481582054900183984705380106206770   000000000000003000005         0004872700008663              
00481582054900183984365419998850815   000000000000010000000071197   0000661900008668              
00481582054900183984863751687889119   000000000000002000000003598   0003065400008670              
00481582054900183984056502801175704   000000000000010000000296427   0000093800008671              
00481582054900183985520469401311706   000000000000010000000725630   0002457000008672              
00481582054900183985521970080656047   000000000000040000000877658   0001556300008676              
00481582054900183984025951715741903   000000000000027000041         0001520200008679              
00481582054900183985239761278000186   000000000000010000000976506   0003790900008680              
00481582054900183984365409990391777   000000000000040000000071198   0002670200008681              
00481582054900183984311951803297183   000000000000010000014         0000126000008682              
00481582054900183984029876501171203   000000000000010000000688998   0003463500008683              
00481582054900183984058650213989705   000000000000008500000011961   0002204300008685              
00481582054900183984682365800283693   000000000000020000000081647   0002005500008689              
00481582054900183985520000121741409   000000000000010000000233501   0000800100008694              
00481582054900183984726342900053019   000000000000002000000003341   0002103400008696              
00481582054900183984311951007796477   000000000000020000000012092   0000321500008697              
00481582054900183985520030306282309   000000000000030000000296435   0003011900008699              
00481582054900183985148691005128994   000000000000010000000877651   0003211100008702              
00481582054900183984579675697000026   000000000000010000000128700   0002587900008703              
00481582054900183984182301001442023   000000000000005000043         0002809600008705              
00481582054900183985157130000613914   000000000000010000000877650   0001048700008707              
00481582054900183984514450208982304   000000000000020000000003344   0000597100008708              
00481582054900183985239531009095734   000000000000050000000012096   0002506300008709              
00481582054900183985408053302852203   000000000000010000000698735   0002518300008710              
00481582054900183985241960013064400   000000000000010000005         0002650500008711              
00481582054900183985471728302346031   000000000000010000000806153   0000077200008713              
00481582054900183984311789605952500   000000000000001000000325021   0000921500008714              
00481582054900183985241060001641374   000000000000010000000877649   0002171800008717              
00481582054900183985157130000062245   000000000000006000000877648   0001859600008719              
00481582054900183985520466402902806   000000000000016000000280407   0003604400008722              
00481582054900183985239531004713380   000000000000010000000012101   0003809800008724              
00481582054900183984637817906519608   000000000000010000000003345   0002949000008726              
00481582054900183984380451594973007   000000000000001000005         0003416600008727              
00481582054900183985240330045299104   000000000000060000000085435   0001331500008732              
00481582054900183984003611000307028   000000000000100000000012107   0002230900008735              
00481582054900183984038508910823863   000000000000001000000080299   0002770700008736              
00481582054900183984311951047385257   000000000000002000014         0004016000008738              
00481582054900183984563198103000702   000000000000001000000012113   0003105400008740              
00481582054900183983567336541287105   000000000000025000000008059   0003493200008745              
00481582054900183984392375860000391   000000000000010000000175035   0003814400008754              
00481582054900183985471728300464703   000000000000010000000903703   0000812400008756              
00481582054900183984688288000968307   000000000000005000000432947   0001407000008758              
00481582054900183985239531002828560   000000000000005000000012117   0003718600008762              
00481582054900183984063760000171111   000000000000200000000877643   0002559600008763              
00481582054900183985520464816599805   000000000000100000000311246   0000094000008766              
00481582054900183985520000121327308   000000000000006000000929257   0003820000008767              
00481582054900183984987134500418906   000000000000002000000324950   0002595900008770              
00481582054900183985520000124432501   000000000000020000000300104   0003467800008772              
00481582054900183984637817900203308   000000000000010000000003346   0000679000008773              
00481582054900183985409731271316131   000000000000010000041         0000053300008776              
00481582054900183984311780238994308   000000000000003000041         0000720500008778              
00481582054900183985239531000166963   000000000000010000000012125   0003983900008779              
00481582054900183984311780231169304   000000000000030000000686678   0000142000008781              
00481582054900183984311951012149670   000000000000040000000012127   0001119200008782              
00481582054900183984311780119853508   000000000000005000000836060   0003824400008783              
00481582054900183985520000003179108   000000000000200000000784371   0000139500008785              
00481582054900183985433778907945007   000000000000010000000164653   0002711500008786              
00481582054900183984023100501380029   000000000000008000000877636   0002057800008787              
00481582054900183984365419981100731   000000000000200000000071202   0002114400008796              
00481582054900183984579600025152109   000000000000005000000296451   0003473800008805              
00481582054900183985520464813007802   000000000000015000000893166   0002749900008814              
00481582054900183984023103700246769   000000000000003000000877630   0001929700008817              
00481582054900183984637890300579601   000000000000010000000011978   0003844400008818              
00481582054900183983566182381000013   000000000000100000000206115   0003715600008819              
00481582054900183985521997710045309   000000000000010000000435580   0002950000008821              
00481582054900183984938227586744102   000000000000010000000949052   0002590600008822              
00481582054900183985409456802356709   000000000000020000000334222   0002983100008823              
00481582054900183984147631510754904   000000000000003000000296454   0003812600008824              
00481582054900183984563198508271692   000000000000005000000012138   0001316800008827              
00481582054900183985521995728000472   000000000000010000000849357   0002753900008829              
00481582054900183985239531004533416   000000000000050000000012140   0002515900008831              
00481582054900183985241150325451400   000000000000010000000011982   0003856300008840              
00481582054900183984311789600782506   000000000000015000000775085   0001758400008841              
00481582054900183984058650203939702   000000000000005000000011984   0001845300008843              
00481582054900183984579530502120503   000000000000010000000003350   0000210100008845              
00481582054900183984380456743726107   000000000000012000000296458   0003712500008848              
00481582054900183984063760400178393   000000000000020000000877624   0001497400008849              
00481582054900183984579586653264102   000000000000020000000074937   0003862200008850              
00481582054900183983560900100414306   000000000000005000000075262   0003862400008851              
00481582054900183985520464500403900   000000000000005000000417948   0003863000008852              
00481582054900183984311780119733007   000000000000003000000713400   0001655300008854              
00481582054900183985241060200528174   000000000000010000000877622   0001548300008857              
00481582054900183984311951803386325   000000000000010000000012154   0003865800008858              
00481582054900183984509502170157187   000000000000010000000004836   0002967600008861              
00481582054900183985408422200407388   000000000000010000000877620   0003025800008864              
00481582054900183984579600022580906   000000000000100000000296461   0002534700008866              
00481582054900183984682350000023602   000000000000010000000071573   0003874700008869              
00481582054900183984311780239944724   000000000000010000000719473   0003832600008870              
00481582054900183985521994360015203   000000000000010000000709045   0003874800008872              
00481582054900183985522358800029050   000000000000005000000306436   0001091700008873              
00481582054900183984392377362000200   000000000000020000000014389   0003874900008874              
00481582054900183985520009600370614   000000000000005000000194996   0003469100008875              
00481582054900183984311951022967772   000000000000008500000012164   0000582400008876              
00481582054900183985153520000579293   000000000000010000000722384   0001046800008877              
00481582054900183985521292004192466   000000000000003000000R20051   0003876000008878              
00481582054900183984365399916938233   000000000000003000000071206   0000724400008880              
00481582054900183984688143920705901   000000000000010000000004838   0000116700008884              
00481582054900183984688143920705901   000000000000010000000004839   0003882900008885              
00481582054900183984182301009064985   000000000000040000000012167   0002198400008888              
00481582054900183985241084300337609   000000000000010000000024992   0000092900008889              
00481582054900183985156115005860405   000000000000020000005         0002050700008892              
00481582054900183984380450190067305   000000000000010000000296470   0002798300008898              
00481582054900183984987136500585600   000000000000008000000392728   0002490000008900              
00481582054900183984380451598258306   000000000000021000054         0003889600008901              
00481582054900183985148691006300972   000000000000050000000877606   0003424000008902              
00481582054900183984147631600760605   000000000000010000000296474   0003343700008903              
00481582054900183985520464823383409   000000000000003000000284416   0003893300008904              
00481582054900183984392370123778909   000000000000010000000699974   0001277200008905              
00481582054900183985520467600759501   000000000000006000000087550   0001746700008906              
00481582054900183984695850023085004   000000000000007000000029902   0002954900008907              
00481582054900183984182301004996744   000000000000010000000012179   0003631400008909              
00481582054900183985453051123933800   000000000000010000000217513   0002462700008910              
00481582054900183984423555980164903   000000000000010000000081650   0002658100008911              
00481582054900183985520000147617104   000000000000010000000619437   0000542100008912              
00481582054900183984523841211485567   000000000000010000000004840   0002334700008914              
00481582054900183985242630007892103   000000000000010000000028033   0001359400008916              
00481582054900183984503070786809944   000000000000010000000071208   0002436900008918              
00481582054900183984503070705119946   000000000000003000000071209   0003897200008920              
00481582054900183984601996427545102   000000000000005000000566873   0003812900008921              
00481582054900183985148691081770974   000000000000030000000877596   0002210200008923              
00481582054900183984311780130128401   000000000000002000000755029   0001731400008924              
00481582054900183984563130209305016   000000000000010000000810417   0001685700008926              
00481582054900183984311785403031836   000000000000050000000559840   0003848800008927              
00481582054900183984682363000041573   000000000000010000000081652   0002853300008930              
00481582054900183984392370767000099   000000000000020000000182259   0002498300008931              
00481582054900183984682365838893513   000000000000020000000081653   0003236200008932              
00481582054900183985441350008702206   000000000000002000000922896   0001814400008933              
00481582054900183984563181001788503   000000000000020000000937860   0000333700008934              
00481582054900183984182301005400795   000000000000010000000012193   0001318200008936              
00481582054900183984563020071150600   000000000000010000000481460   0000463700008937              
00481582054900183984563186305399204   000000000000020000000392447   0003905800008938              
00481582054900183984563130086040801   000000000000100000000260717   0002476200008939              
00481582054900183984682365868261045   000000000000010000000081654   0002774600008940              
00481582054900183985588650029131100   000000000000010000000795261   0003907200008942              
00481582054900183985520000108055302   000000000000050000000706176   0003288600008943              
00481582054900183984682365800473195   000000000000015000000081655   0002895600008945              
00481582054900183984579630013803504   000000000000040000041         0001311300008948              
00481582054900183984695878500495602   000000000000003000000632958   0002657300008951              
00481582054900183984311780219043802   000000000000004000000852231   0003911200008953              
00481582054900183984311789900432901   000000000000100000000382307   0000905900008955              
00481582054900183985241150325420504   000000000000010000000011990   0002596100008956              
00481582054900183985520468902382810   000000000000010000000561215   0000674700008957              
00481582054900183984637890101462908   000000000000010000000011991   0002591900008958              
00481582054900183985433728503423586   000000000000010000000012209   0000020800008959              
00481582054900183984182301002282550   000000000000005000000012211   0003148000008960              
00481582054900183984311780144850602   000000000000050000000275790   0001911100008963              
00481582054900183985408422200498486   000000000000020000000877583   0000167600008964              
00481582054900183985241060001751751   000000000000050000000877581   0001430200008965              
00481582054900183984038798280231041   000000000000010000000080311   0001943700008967              
00481582054900183984258980013247105   000000000000050000000163428   0002777200008968              
00481582054900183985148691005373525   000000000000010000000877578   0002265700008969              
00481582054900183985222328010040349   000000000000005000000080312   0003435200008971              
00481582054900183984147631699929103   000000000000010000057         0003915800008972              
00481582054900183984182301008432514   000000000000005000043         0001440700008973              
00481582054900183985520005800313347   000000000000010000000232717   0003916700008975              
00481582054900183985433777501500606   000000000000005000000613085   0003916800008976              
00481582054900183984147631602132209   000000000000010000000296489   0001045900008977              
00481582054900183983566706605357005   000000000000100000000011997   0000767500008980              
00481582054900183983569694500771602   000000000000100000041         0001377500008981              
00481582054900183985521991250015806   000000000000010000000227028   0000436000008982              
00481582054900183984311951055259923   000000000000010000000012229   0000709200008983              
00481582054900183985520465504769600   000000000000005000000390702   0001053400008984              
00481582054900183984029876505662306   000000000000005000000189362   0002205600008985              
00481582054900183984147630012143301   000000000000005000000296494   0001941700008986              
00481582054900183984284400200318468   000000000000006000000078107   0000000100008987              
00481582054900183985520464905884001   000000000000010000000286298   0001159900008989              
00481582054900183984889760000049285   000000000000020000000199074   0001487400008990              
00481582054900183984380451002276704   000000000000100000000296496   0001716000008991              
00481582054900183985241089400934403   000000000000050000000604293   0001912900008992              
00481582054900183983565538600262208   000000000000030000000748685   0002063000008993              
00481582054900183985239531001075874   000000000000010000000012237   0002506200008995              
00481582054900183985466960010344209   000000000000030000000877552   0003936900008996              
00481582054900183984563130210378804   000000000000030000000483820   0003926700009000              
00481582054900183984057010001520108   000000000000020000000051008   0001246100009001              
00481582054900183984563181001953404   000000000000010000000590550   0003577700009004              
00481582054900183984639130541990129   000000000000015000000068089   0001793700009005              
00481582054900183984380451596430402   000000000000002000054         0002332500009007              
00481582054900183984726358304887307   000000000000010000000003361   0000203100009008              
00481582054900183984392375488000732   000000000000010000000857683   0003940100009009              
00481582054900183985239766080000266   000000000000003000005         0003624500009010              
00481582054900183984284300101384918   000000000000007000000877549   0002451700009011              
00481582054900183985157160104372406   000000000000010000000280563   0003941000009012              
00481582054900183983565620113380709   000000000000020000000012002   0000307300009014              
00481582054900183985433746005265800   000000000000010000000767111   0003419600009017              
00481582054900183984579673300178107   000000000000010000000723035   0002971200009018              
00481582054900183984311780192487406   000000000000300000000464253   0002485800009020              
00481582054900183984182301008249298   000000000000010000000012252   0000224900009021              
00481582054900183984380450131724709   000000000000010000000296507   0002595700009022              
00481582054900183984503070031743948   000000000000012000000071221   0002969600009023              
00481582054900183984637817905347902   000000000000010000000003362   0001326100009024              
00481582054900183984311789704577802   000000000000010000000508178   0003945200009025              
00481582054900183984682365099136305   000000000000060000000081659   0002087000009026              
00481582054900183984688288800872709   000000000000050000000332964   0000558700009027              
00481582054900183984563189202584605   000000000000010000000809180   0002087200009028              
00481582054900183984563130208571303   000000000000040000000577752   0003275200009029              
00481582054900183984907080013716145   000000000000030000000110594   0000066400009030              
00481582054900183984563198080682217   000000000000010000000012256   0002296600009031              
00481582054900183984579520209406206   000000000000002000000003363   0001730500009032              
00481582054900183984029876503399802   000000000000010000000236539   0001474000009034              
00481582054900183984023103401789646   000000000000020000000877535   0002460000009035              
00481582054900183985520465513295209   000000000000010000000934682   0003897100009036              
00481582054900183985433811105047605   000000000000010000000003364   0003674400009039              
00481582054900183985428027748569502   000000000000006000000288691   0003215800009040              
00481582054900183984029876506430208   000000000000010000000985142   0001776000009041              
00481582054900183984637818319135701   000000000000005000000003365   0003738800009042              
00481582054900183985520464704136405   000000000000001000000432959   0003954200009045              
00481582054900183984863751723982100   000000000000001000000171127   0003746100009047              
00481582054900183983565580706143700   000000000000010000000296511   0003353500009048              
00481582054900183983565580706143700   000000000000010000000296512   0003353500009049              
00481582054900183985521990122492706   000000000000050000000073444   0001178000009052              
00481582054900183984182301008948279   000000000000005000000012264   0003954900009053              
00481582054900183985433710099890808   000000000000020000000296514   0001456500009054              
00481582054900183985520000157077108   000000000000010000000836489   0001528600009055              
00481582054900183985433810200086500   000000000000005000000003368   0003306300009056              
00481582054900183984023100013436962   000000000000030000000877529   0000103800009057              
00481582054900183984182301005403211   000000000000035000000012268   0002463300009059              
00481582054900183985242634996800101   000000000000003000000850749   0002768100009060              
00481582054900183984284300100866733   000000000000002000000877527   0003838400009062              
00481582054900183983567536566113108   000000000000003000000172236   0001155600009063              
00481582054900183984503070779267027   000000000000002000000071224   0003744400009064              
00481582054900183984029874503719301   000000000000005000000248884   0002952500009065              
00481582054900183984748320000064676   000000000000060000000877523   0001504400009066              
00481582054900183984311951054673827   000000000000005000000012276   0001040300009067              
00481582054900183985239531005053042   000000000000100000000012278   0001231800009068              
00481582054900183984503070088484834   000000000000001000000071225   0003088400009069              
00481582054900183984563130203776303   000000000000003000000863226   0000022700009070              
00481582054900183984563130209305016   000000000000010000000264368   0001685700009072              
00481582054900183984147631511831107   000000000000010000000296520   0002854300009073              
00481582054900183985433777501402308   000000000000005000000394936   0004936600022974              
00481582054900183984563198513417363   000000000000010000000012283   0003421300022978              
00481582054900183985241060201684257   000000000000010000000877519   0004941100022980              
00481582054900183984385820000777290   000000000000010000000877517   0000122900022981              
00481582054900183984503070756009038   000000000000020000000071227   0002070100022994              
00481582054900183984311789600013001   000000000000020000000378488   0000030200022997              
00481582054900183985521998867000238   000000000000010000005         0003958700023009              
00481582054900183984563180028720606   000000000000010000000118434   0001581000023010              
00481582054900183984182301002794455   000000000000020000000012289   0001149700023013              
00481582054900183984182301001215726   000000000000010000000012291   0000623300023014              
00481582054900183984695856813108203   000000000000002000000085518   0000749800023018              
00481582054900183985521970017066609   000000000000050000000877513   0001886400023045              
00481582054900183984503070043766119   000000000000050000000071229   0000823000023046              
00481582054900183985520464811200508   000000000000010000000777404   0003492800023048              
00481582054900183984423555867566600   000000000000005000000081662   0001056000023049              
00481582054900183984284300000862345   000000000000005000000877509   0001963000023050              
00481582054900183985239766524000187   000000000000020000005         0002350700023051              
00481582054900183984023103400469729   000000000000003000000877506   0002734500023053              
00481582054900183984023100700710562   000000000000015000000877504   0003701300023054              
00481582054900183984503010099000389   000000000000008000012         0003228200023055              
00481582054900183985239531003691397   000000000000010000043         0000666300023056              
00481582054900183984705720000177405   000000000000030000000012016   0004951000023057              
00481582054900183984726358308143004   000000000000002000000003372   0001428800023058              
00481582054900183984147202136581046   00000000000010000000003614D   0002719400023059              
00481582054900183985521179301911609   000000000000005000000758024   0004950900023060              
00481582054900183985408942080721541   000000000000020000005         0002075300023070              
00481582054900183985239531005389867   000000000000030000000012306   0000845000023071              
00481582054900183985520541501171709   000000000000015000000012017   0000211600023072              
00481582054900183985239531009283199   000000000000010000000012309   0002117100023073              
00481582054900183984311951059308924   000000000000005000000012310   0002746400023074              
00481582054900183983565800000729552   000000000000100000000877499   0001492500023075              
00481582054900183985433746006457000   000000000000003000000853941   0003725400023076              
00481582054900183984514450001331204   000000000000010000000003375   0001683600023077              
00481582054900183985468580003676611   000000000000100000000278752   0000334100023090              
00481582054900183984311951002396109   000000000000003000000012314   0000785800023109              
00481582054900183985520464808881203   000000000000002000000804138   0004962200023116              
00481582054900183985239531007441138   000000000000100000000012315   0003807100023117              
00481582054900183985521970580543828   000000000000050000000877494   0000324500023118              
00481582054900183984637818600676504   000000000000005000000003376   0001668600023123              
00481582054900183983567300151345108   000000000000300000000091424   0000331200023124              
00481582054900183984637896610132601   000000000000010000000012021   0003011800023147              
00481582054900183985241084500072907   000000000000010000000950509   0003298900023157              
00481582054900183984682365818161030   000000000000010000000081665   0001747500023168              
00481582054900183985148848904931809   000000000000015000000332972   0001252000023184              
00481582054900183984688143970621487   000000000000015000000004846   0000758800023188              
00481582054900183985560485014004182   000000000000015000000408025   0004966200023192              
00481582054900183984514450002545307   000000000000005000000003379   0002154100023199              
00481582054900183984636706700083229   000000000000010000000645894   0003973200023200              
00481582054900183985520465501434000   000000000000003000000525427   0003004800023202              
00481582054900183985228315999000059   000000000000700000000967427   0001905100023203              
00481582054900183984392371613000382   000000000000005000000960543   0002996800023204              
00481582054900183984637817907199004   000000000000003000000003381   0004977000023206              
00481582054900183985148691081302851   000000000000010000000877486   0001308600023211              
00481582054900183984003538600061012   000000000000010000000851670   0000689100023212              
00481582054900183984503070049287474   000000000000010000000071234   0002803300023213              
00481582054900183984503070766694340   000000000000010000000071235   0002654100023214              
00481582054900183984695868800272306   000000000000010000000532974   0004984000023215              
00481582054900183985408291001543133   000000000000005000000012339   0001816800023217              
00481582054900183985148848918012208   000000000000010000000532975   0004984300023221              
00481582054900183984563111002616403   000000000000010000000877481   0000151800023223              
00481582054900183984380450192321205   000000000000020000000296539   0000848500023224              
00481582054900183983565623300106002   000000000000005000000012023   0001721700023226              
00481582054900183985520464824091902   000000000000010000000277882   0000615900023227              
00481582054900183985241960004499300   000000000000050000012         0001302400023228              
00481582054900183985520464801130509   000000000000002000000923027   0001938700023229              
00481582054900183984503070007883462   000000000000009000000071237   0004984400023230              
00481582054900183985522350001156535   000000000000030000000763950   0000170100023233              
00481582054900183984029874503357904   000000000000005000000218893   0003918000023234              
00481582054900183984023103402450628   000000000000050000000877479   0002016700023236              
00481582054900183984027526008361904   000000000000010000000037367   0003785200023238              
00481582054900183984695876201519001   000000000000010000000732976   0002887600023239              
00481582054900183984057010000465800   000000000000005000000018894   0001174500023245              
00481582054900183985148848918628300   000000000000010000000732977   0002829200023252              
00481582054900183984023103401693160   000000000000050000000877476   0000764100023255              
00481582054900183984365419944005837   000000000000005000000071239   0003645900023256              
00481582054900183984907071294202103   000000000000010000000902944   0000534700023257              
00481582054900183984365399902309753   000000000000002500000071240   0003157700023258              
00481582054900183984311951804258275   000000000000020000000012357   0003106800023262              
00481582054900183985520000134498203   000000000000010000000664887   0005091600023264              
00481582054900183985468580006043611   000000000000010000000133568   0000722400023266              
00481582054900183984311780185631200   000000000000010000000889936   0001536200023270              
00481582054900183985241060201672476   000000000000008800000877472   0000164400023273              
00481582054900183984579531502027102   000000000000075000000003385   0000522700023278              
00481582054900183985521970200860305   000000000000010000000877470   0000657200023279              
00481582054900183984003590050755304   000000000000050000000096566   0003598400023280              
00481582054900183984311780239958294   000000000000020000000089055   0003814300023287              
00481582054900183985241960008182902   000000000000010000000012028   0001651400023288              
00481582054900183984311780149775507   000000000000001000000496960   0003163300023291              
00481582054900183984311951010356103   000000000000020000000012368   0001567500023292              
00481582054900183984392375817000536   000000000000017000000902573   0002212100023293              
00481582054900183985520464911226403   000000000000010000000645862   0003549300023294              
00481582054900183984365419966549225   000000000000050000000071242   0002490700023296              
00481582054900183984579576904428705   000000000000010000000709977   0000206000023298              
00481582054900183984182301004433102   000000000000010000000012371   0005097700023300              
00481582054900183984182301006637635   000000000000005000000012375   0003419800023302              
00481582054900183984147630021544705   000000000000006000000296550   0005101000023307              
00481582054900183984705380190355020   000000000000002000000133167   0003052900023311              
00481582054900183985520464804118402   000000000000003000000755780   0001348800023313              
00481582054900183984029876504540305   000000000000003000000975126   0005101800023314              
00481582054900183984563130062711409   000000000000010000000830167   0002368100023315              
00481582054900183985148693480050479   000000000000005000000877462   0002860600023317              
00481582054900183985148690400342127   000000000000019000000877461   0001687200023318              
00481582054900183984311780240581218   000000000000030000000604552   0001936900023321              
00481582054900183985521975700067194   000000000000015000000877459   0003675400023327              
00481582054900183985521970007632105   000000000000010000000877458   0003019100023330              
00481582054900183984365399914869273   000000000000010000000071245   0000757100023331              
00481582054900183985520009700098701   000000000000005000000703536   0003280700023333              
00481582054900183984688288016884902   000000000000003000000232981   0002693700023335              
00481582054900183985239767218000079   000000000000010000000238290   0003140000023337              
00481582054900183984579577600201909   000000000000010000000201634   0003397100023339              
00481582054900183985433746016063095   000000000000010000000304169   0000981600023340              
00481582054900183984003538601197013   000000000000007000000939292   0002883000023343              
00481582054900183984563198080363701   000000000000010000000012386   0002303000023344              
00481582054900183985520000120126305   000000000000005000000789394   0003153000023354              
00481582054900183985433838200054905   000000000000010000000147570   0000858100023356              
00481582054900183984696560004893701   000000000000015000000012033   0001705100023357              
00481582054900183985147388010011387   000000000000050000000080322   0000821200023358              
00481582054900183983565511001854436   000000000000005000000012393   0002117900023361              
00481582054900183984023103404088806   000000000000100000000877452   0001661300023362              
00481582054900183984311951051104339   000000000000010000000012395   0000943300023364              
00481582054900183984147630007889900   000000000000100000000296554   0003536700023367              
00481582054900183985520000162214613   000000000000005000000497713   0001803300023368              
00481582054900183984563198580926692   000000000000020000000012398   0004934800023372              
00481582054900183985520466807186609   000000000000035000000244550   0000057600023373              
00481582054900183985588520045911100   000000000000020000000128670   0000033000023375              
00481582054900183985157130000274063   000000000000010000000877449   0000563100023378              
00481582054900183984023103401781205   000000000000005000000877447   0005113000023379              
00481582054900183985406410098025307   000000000000003000000296556   0002449100023380              
00481582054900183985148691004917751   000000000000010000000877445   0005113100023381              
00481582054900183985521970200678707   000000000000060000000877443   0002420900023383              
00481582054900183984889760000055159   000000000000020000000209292   0001686900023384              
00481582054900183984695856853589205   000000000000010000000002195   0004907300023389              
00481582054900183984311780218955204   000000000000020000000894717   0002244100023393              
00481582054900183985466010000026836   000000000000200000000157570   0003117000023401              
00481582054900183984023100500822013   000000000000010000000877437   0003259000023403              
00481582054900183985408422000314248   000000000000010000000877436   0003330100023404              
00481582054900183985520466505121312   000000000000020000054         0003399600023406              
00481582054900183983565710101252604   000000000000008500000229645   0002158700023407              
00481582054900183984311780005171817   000000000000030000000913700   0001456000023408              
00481582054900183984563139420767201   000000000000012000000816833   0001114200023410              
00481582054900183985148729610656304   000000000000005000000012035   0003574400023412              
00481582054900183984311780222752902   000000000000050000000591803   0003079700023413              
00481582054900183984514450001846003   000000000000010000000003394   0000627900023414              
00481582054900183984147630010364909   000000000000020000000296564   0002924900023417              
00481582054900183984311780193403808   000000000000010000000403633   0001896500023418              
00481582054900183985211298801002589   000000000000030000000116009   0003666600023421              
00481582054900183984649619224000287   000000000000010000000823361   0000779300023422              
00481582054900183984311951059053504   000000000000020000043         0002534600023423              
00481582054900183984311780175169708   000000000000005000000564833   0000863600023424              
00481582054900183984023100700875134   000000000000010000000877425   0002666000023426              
00481582054900183984688280700099301   000000000000005000000732986   0002924200023427              
00481582054900183984311780103125103   000000000000010000000673783   0000174500023428              
00481582054900183985466971000591378   000000000000050000000012418   0000618100023433              
00481582054900183984029876403196209   000000000000020000000979611   0003057300023435              
00481582054900183984023103401295826   000000000000010000000877420   0003825400023436              
00481582054900183984688288705516609   000000000000030000054         0003840500023441              
00481582054900183984311785403032123   000000000000080000000693063   0002145200023442              
00481582054900183984284300101943796   000000000000010000000877418   0003680300023448              
00481582054900183984147630017994807   000000000000002000000296568   0005123100023449              
00481582054900183984563198701770052   000000000000005000000012423   0005126300023450              
00481582054900183985520464502940602   000000000000036000000163771   0003897000023451              
00481582054900183985520466511010202   000000000000020000000392448   0003007800023452              
00481582054900183984311951050825199   000000000000010000000012428   0001018300023453              
00481582054900183984038508910299072   000000000000100000000080329   0000201200023454              
00481582054900183983563518101820870   000000000000003000000012431   0003590600023455              
00481582054900183984563188448030233   000000000000060000000223756   0001708600023456              
00481582054900183984392375490000167   000000000000020000000462132   0001669400023458              
00481582054900183985521970200398652   000000000000010000000877411   0002887900023461              
00481582054900183984477570028324380   000000000000002000000736112   0000976800023462              
00481582054900183984147635303001704   000000000000010000000296571   0003875000023464              
00481582054900183984682365800642781   000000000000020000000081672   0003920700023466              
00481582054900183984311951800244675   000000000000025000000012441   0002825500023472              
00481582054900183984503070781938169   000000000000010000000071249   0003755600023473              
00481582054900183984649613434000096   000000000000005000000934849   0001976700023475              
00481582054900183984003538601151697   000000000000002000000122473   0003874300023479              
00481582054900183983566180790000145   000000000000002000000685729   0003399300023481              
00481582054900183985520491000258138   000000000000003000000012443   0003136500023482              
00481582054900183984147631605615200   000000000000010000000296575   0003124500023484              
00481582054900183985522358800188492   000000000000002000000187348   0001407100023485              
00481582054900183985241150333041300   000000000000010000000012044   0002772500023486              
00481582054900183984696560101265704   000000000000010000000012045   0001030900023492              
00481582054900183984056503805627708   000000000000015000000296577   0001159300023494              
00481582054900183984649610547000310   000000000000007500000953958   0001683500023495              
00481582054900183985241060200447797   000000000000020000000877405   0000230000023498              
00481582054900183984503070769004687   000000000000010000000071251   0001285400023499              
00481582054900183985521996922692403   000000000000010000000753624   0001016300023501              
00481582054900183984284300101475534   000000000000010000000877402   0003951300023502              
00481582054900183984284300103293992   000000000000010000000877400   0003543800023512              
00481582054900183984777878821514603   000000000000010000000009842   0005135300023513              
00481582054900183984147630703144006   000000000000005000000296580   0002458800023514              
00481582054900183985466000000381406   000000000000010000000234547   0003534800023516              
00481582054900183985520005401124507   000000000000010000000439711   0005135600023517              
00481582054900183985228315321000017   000000000000003000000630364   0005135700023518              
00481582054900183984688143971931364   000000000000003000000004856   0001954100023519              
00481582054900183984637818310511702   000000000000010000000003400   0005114300023522              
00481582054900183984284300101296203   000000000000005000000877396   0005139100023526              
00481582054900183984311780001606709   000000000000120000000077766   0000169600023527              
00481582054900183984688143971839104   000000000000010000000004857   0005139200023528              
00481582054900183985521660015188600   000000000000012000000571014   0003269400023529              
00481582054900183984380450703396803   000000000000002000000296591   0002531600023531              
00481582054900183984311780224687304   000000000000020000000606922   0005139700023532              
00481582054900183985520009601709109   000000000000005000000848903   0003580700023534              
00481582054900183984311780219297606   000000000000005000000674018   0003092000023535              
00481582054900183985241178390005256   000000000000080000000080331   0000348900023536              
00481582054900183984067460000045607   000000000000010000000192097   0000487700023537              
00481582054900183985521996479000307   000000000000100000000273472   0003955100023539              
00481582054900183984147630008991309   000000000000020000000296594   0001242000023541              
00481582054900183984284300102544619   000000000000050000000877387   0005145300023542              
00481582054900183984579678730012909   000000000000030000000803375   0003939500023550              
00481582054900183985148691081793539   000000000000010000000877386   0003111200023551              
00481582054900183984311780222712906   000000000000003000000195706   0003299200023553              
00481582054900183985521970080678074   000000000000010000000877384   0005147300023556              
00481582054900183985466971000530327   000000000000020000000012477   0000507600023557              
00481582054900183985239531005456500   000000000000030000000012478   0005147400023558              
00481582054900183985409910005944307   000000000000005000000155199   0005147600023559              
00481582054900183984311780160810001   000000000000005000000597312   0001725300023563              
00481582054900183984987136502102909   000000000000020000000759631   0005154300023566              
00481582054900183984574110007230506   000000000000005000000047650   0002093400023568              
00481582054900183984311789702356407   000000000000005000000493830   0000194900023569              
00481582054900183984213330016880458   000000000000003000000144936   0002653100023570              
00481582054900183984563198080180394   000000000000010000000012485   0005156600023572              
00481582054900183984579511001864700   000000000000010000000012055   0003616900023575              
00481582054900183985454022008043402   000000000000005000000067657   0004947400023576              
00481582054900183984023100700366043   000000000000010000000877379   0001910600023577              
00481582054900183985241313603365409   000000000000010000000732998   0003309500023579              
00481582054900183985241150329022819   000000000000100000000012056   0001146900023582              
00481582054900183984182301001104300   000000000000002000000012494   0005161300023584              
00481582054900183984182301000694343   000000000000120000000012496   0005161500023585              
00481582054900183985521179301790805   000000000000003000000272752   0005161600023586              
00481582054900183984003570300125805   000000000000020000000003404   0003131400023590              
00481582054900183984477570032998849   000000000000010000000737520   0005163300023596              
00481582054900183984514450203011406   000000000000130000000003405   0001187600023603              
00481582054900183984182301007251626   000000000000300000000012501   0001814800023604              
00481582054900183984579776862041405   000000000000040000000016478   0003897800023605              
00481582054900183984067460000832608   000000000000002000000288373   0003874300023606              
00481582054900183984636703209956500   000000000000014000000865235   0002314400023607              
00481582054900183985148848909820205   000000000000200000000833001   0001928900023608              
00481582054900183985239531008679595   000000000000040000000012509   0005169600023609              
00481582054900183984870234001048309   000000000000060000000067659   0001253500023610              
T00078700015451190020140625093707                                                                 
