010970018               102121300014311951001490838   20160900004000
010970018               102121300024311951049034127   20180200010000
010970018               102121300034311780170324209   20150800002000
010970018               10212130004400357030010350554620140100060000
010970018               102121300054563191004113450   20160200020000
010970018               10212130006523953100993269601920171200012000
010970018               102121300075520464812928305   20150500007800
010970018               102121300084003590018730506   20180900050000
010970018               102121300094003590001140309   20170600003000
010970018               102121300104392373552000696   20170900005000
010970018               10212130011546697100040316062520200600100000
010970018               102121300124003611000350549   20180600010000
010970018               102121300134023103402798380   20201100005000
010970018               10212130014524106000076065453720151100001000
010970018               102121300155409458500660028   20181000003000
010970018               102121300164284300103397181   20201200030000
010970018               10212130017487023500481480393220140800003000
010970018               102121300185241960014296308   20180300010000
010970018               102121300194682350019570205   20160600002000
010970018               10212130020554385010381472093920170100003600
010970018               102121300214182301001215726   20190800005000
010970018               102121300224579610188686603   20190500010000
010970018               102121300235466971000874899   20201000020000
010970018               10212130024436541992702480524220160800020000
010970018               102121300254205101687439308   20160100050000
010970018               10212130026431178540186920315920140700100000
010970018               102121300274392378879000618   20171200003000